   1.007207000000000    
   1.022307000000000    
  0.4132363333333333    
  0.4336383333333333    
 -0.8545566666666669E-03
  0.1221767666666667E-01
   3.023350000000000    
   1.668001666666667    
  0.3830780000000000E-01
 -0.2958356666666666E-01
 -0.4707633333333333E-01
   1.804899666666667    
 -0.3074773333333333    
 -0.2598966666666667    
  0.7761026666666666    
   1.835007000000000    
   1.244005000000000    
  0.1313430000000000    
  0.4108930000000000    
 -0.1783985666666666E-01
  0.1595215000000000E-01
  0.9940833333333329E-03
  0.2070666666666667E-01
   3.103296666666667    
  0.6890701666666668    
   1.877098500000000    
  0.8936448333333334    
 -0.2578021666666667    
 -0.4888301666666666    
   1.359716666666667    
   1.259433333333333    
  0.9091666666666795E-02
   1.311323333333333    
   1.356200000000000    
 -0.1545365333333333E-01
   1.400652333333333    
  0.5422133333333333    
  0.4759446666666667E-01
  0.1170843333333334E-01
  0.6267023333333334E-01
 -0.2400692333333333    
 -0.5738223333333333E-01
  0.9120750000000001    
 -0.8324313333333333E-02
  0.2183752000000000E-01
 -0.3997517999999999E-01
  0.1409010000000000E-01
 -0.2853165000000000    
 -0.6034690000000000E-01
 -0.1181153333333333    
 -0.1349065666666667E-01
 -0.1224889333333333    
  0.2566393333333334    
   1.041959333333333    
   1.032205666666667    
   1.793453333333333    
   1.071069000000000    
 -0.2986046666666667E-01
  0.8913233333333328E-02
  0.3623646666666667E-01
  0.8377549999999999E-02
  0.7680346666666667E-02
  0.2545776666666666    
  0.2718870000000000    
   1.345980000000000    
  0.5809833333333344E-01
  0.5391080000000000    
   1.815396333333333    
   1.814616333333333    
  0.7763663333333334    
   1.700760000000000    
   1.632932333333333    
  0.5112113333333332    
   1.740381666666667    
 -0.5287456666666667    
 -0.4270750000000000    
  0.5842486666666667    
   1.711748333333333    
   1.862865666666667    
 -0.2775416333333333    
   1.152502000000000    
  0.3649403333333334    
  0.9346700000000000    
   2.210106666666667    
  0.9732466666666665    
  0.6014503333333333    
   1.457402666666667    
  0.3508743333333333    
 -0.5844390000000001E-02
 -0.7044646666666667E-01
  0.3064444333333334E-01
 -0.6217966666666665E-02
  0.1151243333333334E-02
 -0.2546100000000000E-01
 -0.4815446666666667E-01
   1.291465666666667    
  0.2050194666666666E-01
   1.316501000000000    
  0.4764500000000001    
 -0.1413576000000000    
  0.3173530000000000    
 -0.1474362666666667    
  0.5749699999999999E-02
  0.2816375333333333E-01
 -0.3620391333333333E-01
  0.9505740000000000    
 -0.1007169666666667    
  0.3159576666666667    
 -0.1505850000000000    
  0.2701530000000000    
 -0.4124696666666667E-01
 -0.1566483333333333    
  0.9333850000000000    
  0.3278223333333334    
 -0.2596985333333333E-01
  0.1885861333333333E-01
  0.3649510000000000    
 -0.5506935333333334E-01
  0.3547524666666668E-01
  0.6411376666666667E-01
 -0.5787316666666668E-01
  0.3423786666666667    
   1.188595666666667    
   1.112249666666667    
   1.193128666666667    
  0.4288910000000001    
 -0.2260810000000000    
  0.7052683333333333E-01
 -0.6089999999999987E-04
  0.9227866666666667E-03
 -0.1381936666666667E-02
 -0.8735280000000000E-02
 -0.9275546666666667E-02
 -0.1234126666666667E-02
 -0.4558933333333332E-03
 -0.3962403333333334E-01
 -0.1270597333333333    
  0.2080250000000001E-01
  0.1267503333333333E-01
  0.4861000000000001E-01
 -0.2299310000000000E-02
  0.2358383333333333E-01
  0.2255882666666667    
  0.7325566666666665E-01
  0.2254344000000000    
  0.3238293333333334E-01
  0.4570189999999999E-01
  0.1155541666666667    
 -0.1001786666666667E-01
 -0.1042292000000000    
  0.4081806666666667    
 -0.1301946000000000    
  0.3000523333333333    
  0.8079873333333333    
  0.3854726666666667    
  0.3986796666666666    
 -0.2546964666666667E-02
 -0.5652213333333334E-02
  0.3020733333333333E-02
  0.5185836666666667    
 -0.4813096000000001E-01
  0.6912203333333332E-01
 -0.3344693333333334E-02
 -0.1803959333333334E-01
  0.9689846666666668E-02
 -0.4357480000000000E-01
 -0.4521743333333333E-01
 -0.3270386666666667E-02
 -0.2280746666666667E-02
  0.3107199999999998E-03
  0.1666065333333333E-01
 -0.1441666666666667E-02
  0.2937473333333333E-02
  0.1559813333333333E-01
   1.602436666666667    
  0.3215523333333333    
   1.616310000000000    
   1.603743333333333    
  0.5426356666666666    
 -0.2374873333333334    
 -0.4642373333333333    
   1.606265666666667    
   1.565019000000000    
   1.554521333333333    
 -0.1416506333333333    
 -0.2603776666666667    
  0.3818003333333334    
   1.177198666666667    
 -0.2464543333333333    
 -0.1038243666666667    
   1.172265333333333    
   2.138510000000000    
  0.9011933333333331    
   1.564904333333333    
  0.9839333333333333    
 -0.3694276666666667    
 -0.3402096666666667    
  0.5504413333333333    
 -0.7044986666666668E-01
  0.3592890000000000    
  0.1144090000000000    
  0.3798330000000000    
  0.1304690000000000    
 -0.8485250000000000E-01
 -0.3059670000000000E-01
 -0.1006038000000000    
 -0.1283434666666667    
  0.9384800000000000E-01
  0.4149100000000001    
  0.4257173333333333    
  0.2861456666666666    
 -0.1204952666666667    
 -0.4366803333333333E-01
 -0.4307619999999999E-01
  0.7986733333333334E-02
 -0.1938953333333333E-01
 -0.8051526666666667E-01
   1.300755666666667    
   1.352531000000000    
 -0.2798810000000000    
 -0.2857290000000000    
   1.312984333333334    
 -0.2802464666666666    
 -0.2365278000000000    
  0.4122186666666667    
  0.4502740000000001    
   1.285723000000000    
  0.8416451333333334E-01
 -0.2633079999999999E-01
 -0.2875623333333333    
 -0.4233568666666668E-01
 -0.2710786666666667    
  0.8486563333333333    
  0.2941976666666666    
  0.8542946666666666    
  0.8713590000000000    
  0.9324740000000000    
 -0.1901383333333333    
  0.9266373333333334    
  0.2972556666666666    
 -0.4113940000000001E-01
 -0.2271588666666667    
 -0.1618765000000000    
 -0.1321053333333334E-02
 -0.3120853333333333E-01
  0.3729540000000000E-01
  0.3747463333333333    
   1.223541000000000    
 -0.2414546666666667    
  0.3710453333333333    
 -0.2192663333333333    
   1.090166333333333    
   1.196112666666667    
  0.3769070000000000    
   1.097431000000000    
   1.081104333333333    
 -0.2738573333333333    
 -0.2424150000000000    
   1.210532333333333    
  0.3560796666666666    
   1.168207333333333    
  0.3722080000000001    
   1.176952000000000    
  0.1065133333333334E-02
 -0.6086999999999990E-04
 -0.5781750000000001E-02
  0.5467576666666665E-02
  0.3315209999999999E-02
 -0.6808113333333334E-02
 -0.6799256666666667E-02
 -0.3608699999999998E-03
  0.2203820000000000E-02
  0.9717023333333333E-02
  0.2674059000000001E-01
  0.2548529999999999    
  0.7753433333333333    
 -0.1817529666666667    
 -0.1753219666666667    
 -0.3803620000000000    
  0.9133306666666666    
  0.2311696666666666    
 -0.2442503333333333    
  0.3159860000000000    
 -0.4335050000000000    
  0.9248613333333333    
 -0.4089740000000000E-02
  0.6613300000000002E-03
   1.147303333333333    
  0.2261957000000000    
  0.2465586666666667    
 -0.1381662333333333    
 -0.5809329999999999E-01
  0.2581063333333333    
  0.4245878333333333    
 -0.7279083333333335E-01
  0.1420315000000000    
  0.4742200000000000    
  0.1322576666666667    
 -0.1056453666666666    
 -0.6498566666666666E-01
 -0.1704189333333334    
  0.2406180000000000    
  0.7395573333333333    
  0.7264073333333334    
  0.8027936666666666E-01
 -0.1697196666666667E-01
  0.1173374000000000    
 -0.4668216666666667E-01
 -0.5606733333333336E-02
  0.1244713666666667E-01
  0.5565015333333333E-02
  0.2973620000000001E-02
  0.1595697666666667E-01
  0.6895630000000000E-02
 -0.4516056666666666E-02
  0.1685122000000000E-01
  0.2413793333333333E-01
 -0.5977214333333334E-02
 -0.3583237666666666E-02
 -0.2011567666666666E-02
 -0.8267656666666666E-03
  0.2443650000000000    
  0.6322600000000000E-01
  0.2303804000000000    
  0.8120956666666668E-01
  0.3112433333333334E-02
 -0.1667140000000001E-01
  0.5052133333333336E-03
  0.1270067333333333E-01
 -0.6533693333333333E-01
 -0.4155576666666667E-01
 -0.3402626666666666E-02
  0.2080418666666667E-01
  0.3071173000000000    
  0.9281063333333334E-01
 -0.5306163333333332E-01
 -0.5073653333333331E-02
 -0.6423753333333333E-01
 -0.2544688666666666E-01
 -0.6398538666666667E-01
  0.3212270000000000    
  0.1087423333333333    
  0.3035846666666667    
  0.1023333000000000    
   1.630461333333334    
  0.6436780000000001    
 -0.3282963333333333    
 -0.3318266666666666E-01
 -0.2609703333333333    
  0.4773993333333333    
  0.6578776666666667    
   1.683897000000000    
  0.6163353333333333    
   1.587411333333333    
   1.686567333333333    
  0.3320520000000000    
  0.4971993333333333    
  0.1338386666666667    
  0.4283939999999999    
  0.5078866666666667    
  0.1506233333333333    
  0.4805333333333333    
 -0.1151737333333333    
   1.217316666666667    
   1.421812666666667    
  0.6296937333333333    
  0.5243296666666667    
  0.7880340000000000    
  0.7531900000000000    
  0.2391306666666667    
  0.2771169999999999    
  0.7657349999999999    
  0.5144780000000002E-02
 -0.1876820000000001E-02
  0.2006644666666667E-01
  0.5071356666666667    
  0.1862843333333333    
 -0.6349813333333333E-01
  0.5645706666666667E-01
 -0.9229846666666665E-01
  0.2390463333333333E-01
  0.5931996666666668E-01
  0.3834950000000000    
   1.276742666666667    
 -0.3119306666666667    
 -0.2805986666666667    
   1.285966000000000    
  0.4240503333333334    
  0.4549940000000001    
 -0.2502594666666667    
 -0.2563861333333333    
   1.345015666666667    
  0.4059976666666666    
  0.3346220333333333    
  0.8705456666666667    
  0.3857190333333333    
  0.9014726666666668    
  0.3950118000000000E-01
  0.2523133333333333E-01
 -0.5671080000000001E-01
   1.141615333333333    
   1.125068666666667    
  0.4048653333333332    
   1.296564666666667    
   1.185550666666667    
   1.184206666666667    
   1.174980000000000    
   1.130750000000000    
 -0.2747246666666667    
 -0.3588526666666667E-01
  0.3640706666666667    
  0.4952850666666667E-01
 -0.4563426666666667E-01
 -0.2504623333333333    
  0.6920229999999999    
  0.5437899999999999E-03
  0.3056450000000000E-02
  0.9359396666666666    
  0.3402343333333334    
  0.8441049999999999    
  0.5302366666666666E-01
 -0.7646033333333334E-01
  0.5756256666666668E-01
 -0.4537966666666667E-01
 -0.2519710000000001E-01
 -0.4757986666666666E-01
 -0.1619076666666666E-01
 -0.1415157666666667    
  0.8663656666666665    
  0.3105403333333334    
 -0.1607178666666667    
 -0.7925376666666667E-01
 -0.1779505666666667    
  0.2830006666666666    
  0.8379156666666666    
 -0.7570776666666666E-01
 -0.1863333333333334E-01
  0.3276333333333332E-02
  0.4862040000000000E-01
 -0.3525771000000000E-01
  0.7555473333333333E-02
 -0.4375226666666659E-02
   1.129106333333333    
  0.4199763333333333    
  0.3356523333333333    
 -0.2394550000000000    
  0.8138153333333331E-01
  0.3879366666666667E-02
 -0.1045288000000000E-01
 -0.3435500000000003E-02
 -0.3647670000000000E-01
  0.2368220000000000    
  0.8270166666666667E-01
  0.7511176666666667    
  0.7343020000000000    
  0.7211786666666665    
  0.1547863333333333E-01
  0.1582960000000000E-01
 -0.1660356666666667E-01
 -0.6221156666666666E-01
  0.3624540000000001    
  0.1158220000000000    
 -0.1508470666666667    
  0.2410523333333333    
  0.7742516666666667    
  0.2594536666666667    
 -0.1306357333333333    
  0.2290075666666666E-01
 -0.1593854333333333E-01
  0.2032827666666667E-01
  0.1975667666666667E-01
 -0.1812080000000000E-01
 -0.3950100000000001E-02
 -0.3362206666666667E-01
 -0.8448289999999999E-01
  0.2339353333333333    
 -0.5426876666666667E-01
  0.1329851000000000    
 -0.4420993333333333E-01
 -0.5560774666666667E-01
 -0.1405248000000000E-01
  0.3304856333333333    
  0.3193651000000000    
  0.1180487333333333    
 -0.1947833333333334E-01
  0.3804290333333333    
  0.4672658666666667E-02
  0.1241484533333333E-01
 -0.4841201333333334E-02
  0.5272199999999998E-03
  0.2528166666666667    
  0.6900383333333333    
 -0.1197307666666667    
 -0.3700313333333333E-01
  0.1365810566666667E-01
 -0.6566669999999999E-02
 -0.5421636666666669E-02
  0.1122463000000000E-01
 -0.5033427666666667E-02
  0.7538216666666665E-01
  0.2428758333333333    
  0.2327400000000000    
  0.3071966666666667E-02
  0.9396796666666667E-02
  0.1105314000000000E-01
 -0.5530999999999999E-01
   1.586432666666666    
 -0.3429596666666667    
  0.3532296666666667    
  0.7591966666666662E-02
 -0.1621680000000000    
 -0.1819926666666667    
 -0.1167990000000000E-01
  0.4955056666666666    
 -0.1042892666666667    
 -0.9425060000000000E-01
  0.1538036666666666    
  0.4532666666666667    
 -0.2686013333333334E-01
 -0.1167747333333333    
  0.1639946666666666    
  0.5495693333333334    
   1.046845000000000    
   1.089749333333333    
  0.3671610000000000    
  0.9900493333333333    
  0.9733326666666667    
   1.159569666666667    
   1.252808000000000    
   1.185609666666666    
  0.4199843333333333    
   1.356082333333333    
  0.5989634000000000    
   1.550866666666667    
   1.514803333333333    
 -0.4040083333333333    
  0.5499423333333334    
 -0.2720872666666667    
 -0.2244692666666666    
  0.3481336666666667    
  0.4493750000000000    
   1.271300333333333    
  0.7146383333333333    
  0.2652636666666667    
  0.7422886666666666    
  0.2148804666666667E-01
  0.7803460000000002E-02
  0.4995516666666666    
  0.1478523333333333    
  0.4573540000000000    
  0.4039530000000000    
 -0.1466062000000000E-01
 -0.1910658333333334    
 -0.1065438666666667E-01
  0.4145459999999999    
   1.151447000000000    
  0.4582130000000000    
 -0.1452650666666667    
  0.4921333333333333    
 -0.1174847333333333    
   1.301412000000000    
   1.158953333333334    
  0.3851953333333333    
  0.6955753333333333    
  0.5087693333333333    
 -0.1629476666666667E-02
  0.2162147666666667E-01
 -0.6870863333333334E-02
 -0.4916706666666667E-02
 -0.1164773333333333    
  0.3665463333333333    
  0.9266613333333332    
 -0.1658293333333334    
  0.3045510000000000    
  0.2871956666666667    
   1.035815000000000    
  0.8853606666666667    
   1.169939000000000    
   1.168612333333333    
  0.3897446666666667    
 -0.1642190000000000    
 -0.2206666666666666E-01
  0.4476263333333334    
 -0.1327480000000000    
 -0.1680890000000000    
   1.101740000000000    
 -0.1913587666666667    
  0.3781943333333334    
   1.065187666666667    
 -0.1817776666666666    
  0.3854883333333333    
 -0.4655109999999999E-01
 -0.1813774333333333    
   1.081998000000000    
  0.3799056666666667    
 -0.1866587666666667    
 -0.2333483333333333    
 -0.4202310000000000E-01
 -0.2904703333333333E-02
 -0.5423386666666668E-02
 -0.8053140000000002E-02
  0.6174460000000000E-02
  0.7581410000000000E-02
   1.164071666666667    
  0.4307616666666667    
 -0.5131395999999999E-01
  0.6053866666666668E-02
  0.8310653333333334E-02
 -0.9931733333333333E-01
  0.3572126666666666    
 -0.2502416666666667    
   1.204829333333333    
  0.4806270000000000    
  0.2312961666666667    
  0.1509510000000000E-01
 -0.7300233333333333E-02
 -0.3943330000000000E-01
  0.4253366666666666E-02
 -0.4246913333333333E-01
  0.1982166666666667    
 -0.4689106666666667E-01
  0.2012373333333334    
  0.6127283333333333E-01
  0.1982056666666666    
 -0.2136351333333333E-01
  0.4159166666666667E-01
 -0.6511656666666667E-01
  0.2157636666666667    
  0.6691233333333334E-01
  0.4651866666666667E-01
  0.2232923333333333    
  0.2396923333333333    
  0.2402370000000000    
  0.6902333333333333E-01
  0.2179683333333333    
 -0.1634123333333333E-01
 -0.4363593333333334E-01
 -0.1845290000000000E-01
  0.8002166666666666E-02
 -0.7676666666666670E-03
  0.3448326666666667    
  0.3383943333333333    
  0.1123533333333333    
  0.3854470000000000    
  0.3680366666666666    
  0.1314868333333333E-01
 -0.8909217666666665E-01
  0.4575893333333333    
  0.1631633333333333    
  0.4728926666666666    
  0.1674170000000000    
  0.8431803333333333E-02
  0.1105300666666667E-01
  0.1913446666666667    
 -0.8566424666666667E-01
 -0.8721049999999998E-01
 -0.3347408000000000E-01
  0.2060020000000000    
  0.5730080000000001    
 -0.9599880000000000E-01
  0.2217181000000000    
  0.5652313333333333    
 -0.1095979000000000    
  0.1910460000000000    
  0.3052786000000000    
  0.1050068333333333    
  0.5536766666666667E-02
  0.1354068000000000E-01
 -0.5501079999999998E-02
 -0.1191470333333333    
 -0.7465223333333333E-01
  0.2353470000000000    
  0.6515053333333333    
  0.2605284666666667    
 -0.1098276000000000    
 -0.1409214000000000    
  0.5890183333333333    
  0.2264981333333334    
 -0.2628604666666666E-01
 -0.4776480000000000E-01
  0.2170961000000000    
  0.2184657666666666    
  0.7228133333333334E-02
  0.3409269999999999E-02
 -0.4104146666666667E-02
 -0.3277876666666667E-02
 -0.2186333333333334E-03
 -0.5602330000000000E-01
 -0.1610146666666667E-01
  0.1056452666666667    
 -0.3434693333333334E-01
  0.8231606666666667E-01
 -0.3686080000000000E-01
  0.2107873333333334E-01
  0.9026706666666669E-02
 -0.1098823333333333E-01
 -0.4234106666666667E-01
  0.4935906666666668E-02
  0.2316989333333333    
  0.7372479999999999E-01
 -0.3967783333333334E-01
  0.2302140333333333    
  0.8300863333333335E-01
 -0.4653756666666668E-01
 -0.1273480000000000E-01
 -0.2483616666666666    
 -0.2034370000000000    
   1.444456666666667    
  0.4433080000000000    
   1.414773333333333    
  0.4585493333333333    
 -0.2943023333333334    
  0.6640586666666666    
   1.567884333333333    
  0.6446070000000000    
 -0.3286133333333333    
 -0.3636970000000000    
   1.095351333333333    
   1.090279333333333    
 -0.4319223333333334E-01
 -0.2083082333333333    
   1.075159333333333    
  0.3635006666666666    
 -0.2829823333333333E-01
 -0.1645209000000000    
  0.4985480000000000    
   1.249256333333333    
 -0.8497700000000006E-02
  0.3901450000000000    
 -0.2548800333333334    
   1.251013000000000    
  0.4562826666666666    
 -0.1582030000000000    
   1.010654333333333    
  0.5653823333333333    
  0.2102763333333333    
  0.1445986666666667    
 -0.8538373333333334E-01
   1.007809000000000    
 -0.3199573333333334    
 -0.3082843333333333    
  0.2471683333333334    
   1.024389000000000    
   1.045905666666667    
  0.2647420000000000    
 -0.2175433333333333    
 -0.5017733333333334E-01
  0.1274774333333333    
 -0.9574900000000006E-02
   1.335407000000000    
  0.4295360000000000    
   1.259503333333333    
  0.4312473333333334    
 -0.1509140000000000    
 -0.2830220000000000    
 -0.8637560000000001E-01
 -0.2420950000000000    
 -0.8027266666666680E-02
  0.1296900566666667E-01
 -0.2143749000000000E-02
 -0.5788391333333334E-02
  0.2552986666666667E-01
 -0.1417933333333333    
 -0.1666973333333334E-01
 -0.1789003333333333E-02
 -0.3472486666666667E-02
 -0.3677349999999999E-02
  0.5487520000000000E-02
  0.1910629666666667E-01
  0.8257943333333335E-02
  0.2538431000000000    
 -0.4123000000000000E-01
 -0.7234386666666666E-01
 -0.2784259999999999E-01
 -0.1062622333333333    
  0.2544016666666667    
 -0.1232385666666667    
  0.6539030000000000    
  0.2097576666666666    
   1.253588666666667    
   1.257392000000000    
  0.4588606666666666    
   1.350647666666666    
   1.316953000000000    
  0.1245782666666667E-01
  0.6328846666666668E-02
  0.2762564333333334E-01
 -0.3275047666666666E-01
 -0.1053198666666667    
 -0.3881476666666666E-01
   1.099938000000000    
  0.3999520000000000    
   1.139210666666667    
   1.026516000000000    
  0.3263156666666666    
  0.2507186666666666    
 -0.9180483333333334E-01
  0.2597476666666667    
  0.6794623333333334    
 -0.1043144333333333    
 -0.2712326666666666E-01
 -0.1229211666666667    
  0.6639426666666667    
  0.2209223333333333    
  0.6868493333333333    
  0.2489370000000000    
  0.1471021666666667E-01
  0.4908820000000001E-01
  0.1590308333333334E-01
 -0.3315443333333334E-01
 -0.1390625333333333    
 -0.5562703333333333E-01
  0.2478368666666667E-01
  0.1028992000000000E-01
  0.4863793333333333E-01
 -0.4811223333333333E-01
 -0.1821349000000000    
 -0.9667373333333333E-01
 -0.2391766666666667    
 -0.1247462333333333    
 -0.1831930000000000E-01
  0.5302093333333333    
  0.4941333333333333    
  0.5090833333333333E-02
 -0.3063733333333332E-02
 -0.5509903333333333E-01
 -0.1073086666666667E-01
 -0.5500536666666667E-01
 -0.3738646666666667E-01
 -0.1162621000000000    
  0.3018965666666666    
  0.6905956666666667E-01
  0.1197054666666667    
  0.3346563333333334    
  0.3541234666666666    
  0.1148144333333333    
 -0.3914693333333333E-01
 -0.7080130000000000E-01
  0.1618303333333333E-01
  0.3767733333333332E-02
 -0.3056996666666667E-01
 -0.7644130000000000E-01
 -0.8057003333333333E-01
 -0.2869414000000000E-01
  0.1620443000000000    
  0.3806900000000000    
  0.1115233333333333    
  0.3675553333333334    
 -0.7267246666666665E-02
 -0.4377133333333333E-01
 -0.2928174000000000E-01
  0.8164206666666667E-02
  0.1269968000000000E-01
 -0.3677457666666666E-01
  0.2756884333333333E-01
 -0.8180806666666667E-01
 -0.1746464666666667E-01
  0.5352103333333333    
  0.5218823333333333    
  0.1911370000000000    
  0.1132608666666666    
  0.3040329000000000    
  0.3128176333333333    
  0.3940496333333334    
 -0.1613683333333334E-01
 -0.2308213333333333E-01
 -0.6138366666666667E-01
  0.1379507000000000    
 -0.5479866666666667E-01
 -0.5282893333333333E-02
 -0.5425293333333334E-02
 -0.4190406666666666E-01
 -0.5865623333333334E-01
 -0.7323856666666667E-01
  0.9254310000000000    
  0.3108620000000000    
  0.9106543333333333    
  0.2584783333333333    
  0.9895123333333333    
  0.3517233333333333    
   1.005942333333333    
  0.2813550000000000    
 -0.1783221333333333    
  0.1551876666666666    
  0.4931780000000001    
  0.1110243333333332    
  0.5297660000000000    
 -0.1286150000000000    
   1.483465666666667    
 -0.2737146666666667    
 -0.3250733333333333E-01
 -0.3100666666666677E-02
 -0.1941160000000000    
 -0.1995033333333334E-01
  0.3024166666666667E-01
  0.6107696666666667    
  0.5722349999999999    
  0.1786210000000000    
  0.2303083333333333    
  0.6048166666666667    
  0.1582226666666667    
 -0.1417550000000000    
  0.6241660000000000    
  0.2162740000000000    
  0.6225813333333333    
  0.3858200000000000    
   1.090119666666667    
   1.064037000000000    
  0.3138792000000000    
  0.3199153333333333    
  0.1026038666666667    
  0.1229810000000000E-01
 -0.2797526666666666E-01
  0.5181033333333334E-02
  0.2222163333333333E-01
 -0.1295180000000000E-01
 -0.7026576666666666E-01
 -0.6209483333333334E-01
  0.1605943000000000    
 -0.4345516666666666E-01
  0.3864813333333334    
  0.1424653000000000    
  0.3761526666666666    
  0.1362409666666667    
 -0.7074096666666667E-01
 -0.3196566666666667E-01
 -0.6938536666666667E-01
  0.1298320333333333    
  0.3719213333333333    
  0.8938905333333334E-01
  0.8347138666666666E-01
  0.2117643333333333    
  0.2344434666666667    
  0.8391376666666665E-01
  0.6408829999999999E-01
  0.2138600000000000    
  0.2356996333333333    
  0.3138163333333333    
  0.1095930000000000    
  0.3694760000000001    
  0.1382827000000000    
  0.1513197000000000    
 -0.4129749999999999E-01
 -0.2110443666666667    
  0.6272233333333334E-01
  0.4517020000000000E-01
  0.3713423333333333E-01
  0.4064156666666666E-01
 -0.6485969999999998E-01
 -0.2486513666666667    
 -0.2680549333333333    
 -0.8124973333333335E-01
 -0.3690563333333333E-01
 -0.2340746000000000    
  0.9806036666666666E-01
  0.7415743333333334E-01
  0.4208996666666667E-01
   1.105897333333333    
   1.993860000000000    
  0.2161130000000000    
   1.104075666666667    
 -0.9140189999999999E-01
 -0.6598033333333340E-03
  0.2529003333333333E-01
 -0.1687123333333333E-01
 -0.3048296666666667E-01
  0.1809786333333334E-01
  0.2107540000000000    
  0.2147983333333333    
  0.3277100000000000    
  0.1023276666666667    
  0.3415373333333334    
  0.3273663333333334    
