       101       201       301       401       501
       102       202       302       402       502
       103       203       303       403       503
       104       204       304       404       504
       105       205       305       405       505
       106       206       306       406       506
       107       207       307       407       507
       108       208       308       408       508
       109       209       309       409       509
       110       210       310       410       510
       111       211       311       411       511
       112       212       312       412       512
       113       213       313       413       513
       114       214       314       414       514
       115       215       315       415       515
       116       216       316       416       516
       117       217       317       417       517
       118       218       318       418       518
       119       219       319       419       519
       120       220       320       420       520
