   101.0000000000000       201.0000000000000       301.0000000000000       401.0000000000000       501.0000000000000    
   102.0000000000000       202.0000000000000       302.0000000000000       402.0000000000000       502.0000000000000    
   103.0000000000000       203.0000000000000       303.0000000000000       403.0000000000000       503.0000000000000    
   104.0000000000000       204.0000000000000       304.0000000000000       404.0000000000000       504.0000000000000    
   105.0000000000000       205.0000000000000       305.0000000000000       405.0000000000000       505.0000000000000    
   106.0000000000000       206.0000000000000       306.0000000000000       406.0000000000000       506.0000000000000    
   107.0000000000000       207.0000000000000       307.0000000000000       407.0000000000000       507.0000000000000    
   108.0000000000000       208.0000000000000       308.0000000000000       408.0000000000000       508.0000000000000    
   109.0000000000000       209.0000000000000       309.0000000000000       409.0000000000000       509.0000000000000    
   110.0000000000000       210.0000000000000       310.0000000000000       410.0000000000000       510.0000000000000    
   111.0000000000000       211.0000000000000       311.0000000000000       411.0000000000000       511.0000000000000    
   112.0000000000000       212.0000000000000       312.0000000000000       412.0000000000000       512.0000000000000    
   113.0000000000000       213.0000000000000       313.0000000000000       413.0000000000000       513.0000000000000    
   114.0000000000000       214.0000000000000       314.0000000000000       414.0000000000000       514.0000000000000    
   115.0000000000000       215.0000000000000       315.0000000000000       415.0000000000000       515.0000000000000    
   116.0000000000000       216.0000000000000       316.0000000000000       416.0000000000000       516.0000000000000    
   117.0000000000000       217.0000000000000       317.0000000000000       417.0000000000000       517.0000000000000    
   118.0000000000000       218.0000000000000       318.0000000000000       418.0000000000000       518.0000000000000    
   119.0000000000000       219.0000000000000       319.0000000000000       419.0000000000000       519.0000000000000    
   120.0000000000000       220.0000000000000       320.0000000000000       420.0000000000000       520.0000000000000    
