    -1.00000         1.00000    
   -0.996000         1.00000    
   -0.992000         1.00000    
   -0.988000         1.00000    
   -0.984000         1.00000    
   -0.980000         1.00000    
   -0.976000         1.00000    
   -0.972000         1.00000    
   -0.968000         1.00000    
   -0.964000         1.00000    
   -0.960000         1.00000    
   -0.956000         1.00000    
   -0.952000         1.00000    
   -0.948000         1.00000    
   -0.944000         1.00000    
   -0.940000         1.00000    
   -0.936000         1.00000    
   -0.932000         1.00000    
   -0.928000         1.00000    
   -0.924000         1.00000    
   -0.920000         1.00000    
   -0.916000         1.00000    
   -0.912000         1.00000    
   -0.908000         1.00000    
   -0.904000         1.00000    
   -0.900000         1.00000    
   -0.896000        0.640000    
   -0.892000        0.640000    
   -0.888000        0.640000    
   -0.884000        0.640000    
   -0.880000        0.640000    
   -0.876000        0.640000    
   -0.872000        0.640000    
   -0.868000        0.640000    
   -0.864000        0.640000    
   -0.860000        0.640000    
   -0.856000        0.640000    
   -0.852000        0.640000    
   -0.848000        0.640000    
   -0.844000        0.640000    
   -0.840000        0.640000    
   -0.836000        0.640000    
   -0.832000        0.640000    
   -0.828000        0.640000    
   -0.824000        0.640000    
   -0.820000        0.640000    
   -0.816000        0.640000    
   -0.812000        0.640000    
   -0.808000        0.640000    
   -0.804000        0.640000    
   -0.800000        0.640000    
   -0.796000        0.640000    
   -0.792000        0.640000    
   -0.788000        0.640000    
   -0.784000        0.640000    
   -0.780000        0.640000    
   -0.776000        0.640000    
   -0.772000        0.640000    
   -0.768000        0.640000    
   -0.764000        0.640000    
   -0.760000        0.640000    
   -0.756000        0.640000    
   -0.752000        0.640000    
   -0.748000        0.640000    
   -0.744000        0.640000    
   -0.740000        0.640000    
   -0.736000        0.640000    
   -0.732000        0.640000    
   -0.728000        0.640000    
   -0.724000        0.640000    
   -0.720000        0.640000    
   -0.716000        0.640000    
   -0.712000        0.640000    
   -0.708000        0.640000    
   -0.704000        0.640000    
   -0.700000        0.360000    
   -0.696000        0.360000    
   -0.692000        0.360000    
   -0.688000        0.360000    
   -0.684000        0.360000    
   -0.680000        0.360000    
   -0.676000        0.360000    
   -0.672000        0.360000    
   -0.668000        0.360000    
   -0.664000        0.360000    
   -0.660000        0.360000    
   -0.656000        0.360000    
   -0.652000        0.360000    
   -0.648000        0.360000    
   -0.644000        0.360000    
   -0.640000        0.360000    
   -0.636000        0.360000    
   -0.632000        0.360000    
   -0.628000        0.360000    
   -0.624000        0.360000    
   -0.620000        0.360000    
   -0.616000        0.360000    
   -0.612000        0.360000    
   -0.608000        0.360000    
   -0.604000        0.360000    
   -0.600000        0.360000    
   -0.596000        0.360000    
   -0.592000        0.360000    
   -0.588000        0.360000    
   -0.584000        0.360000    
   -0.580000        0.360000    
   -0.576000        0.360000    
   -0.572000        0.360000    
   -0.568000        0.360000    
   -0.564000        0.360000    
   -0.560000        0.360000    
   -0.556000        0.360000    
   -0.552000        0.360000    
   -0.548000        0.360000    
   -0.544000        0.360000    
   -0.540000        0.360000    
   -0.536000        0.360000    
   -0.532000        0.360000    
   -0.528000        0.360000    
   -0.524000        0.360000    
   -0.520000        0.360000    
   -0.516000        0.360000    
   -0.512000        0.360000    
   -0.508000        0.360000    
   -0.504000        0.360000    
   -0.500000        0.360000    
   -0.496000        0.160000    
   -0.492000        0.160000    
   -0.488000        0.160000    
   -0.484000        0.160000    
   -0.480000        0.160000    
   -0.476000        0.160000    
   -0.472000        0.160000    
   -0.468000        0.160000    
   -0.464000        0.160000    
   -0.460000        0.160000    
   -0.456000        0.160000    
   -0.452000        0.160000    
   -0.448000        0.160000    
   -0.444000        0.160000    
   -0.440000        0.160000    
   -0.436000        0.160000    
   -0.432000        0.160000    
   -0.428000        0.160000    
   -0.424000        0.160000    
   -0.420000        0.160000    
   -0.416000        0.160000    
   -0.412000        0.160000    
   -0.408000        0.160000    
   -0.404000        0.160000    
   -0.400000        0.160000    
   -0.396000        0.160000    
   -0.392000        0.160000    
   -0.388000        0.160000    
   -0.384000        0.160000    
   -0.380000        0.160000    
   -0.376000        0.160000    
   -0.372000        0.160000    
   -0.368000        0.160000    
   -0.364000        0.160000    
   -0.360000        0.160000    
   -0.356000        0.160000    
   -0.352000        0.160000    
   -0.348000        0.160000    
   -0.344000        0.160000    
   -0.340000        0.160000    
   -0.336000        0.160000    
   -0.332000        0.160000    
   -0.328000        0.160000    
   -0.324000        0.160000    
   -0.320000        0.160000    
   -0.316000        0.160000    
   -0.312000        0.160000    
   -0.308000        0.160000    
   -0.304000        0.160000    
   -0.300000        0.400000E-01
   -0.296000        0.400000E-01
   -0.292000        0.400000E-01
   -0.288000        0.400000E-01
   -0.284000        0.400000E-01
   -0.280000        0.400000E-01
   -0.276000        0.400000E-01
   -0.272000        0.400000E-01
   -0.268000        0.400000E-01
   -0.264000        0.400000E-01
   -0.260000        0.400000E-01
   -0.256000        0.400000E-01
   -0.252000        0.400000E-01
   -0.248000        0.400000E-01
   -0.244000        0.400000E-01
   -0.240000        0.400000E-01
   -0.236000        0.400000E-01
   -0.232000        0.400000E-01
   -0.228000        0.400000E-01
   -0.224000        0.400000E-01
   -0.220000        0.400000E-01
   -0.216000        0.400000E-01
   -0.212000        0.400000E-01
   -0.208000        0.400000E-01
   -0.204000        0.400000E-01
   -0.200000        0.400000E-01
   -0.196000        0.400000E-01
   -0.192000        0.400000E-01
   -0.188000        0.400000E-01
   -0.184000        0.400000E-01
   -0.180000        0.400000E-01
   -0.176000        0.400000E-01
   -0.172000        0.400000E-01
   -0.168000        0.400000E-01
   -0.164000        0.400000E-01
   -0.160000        0.400000E-01
   -0.156000        0.400000E-01
   -0.152000        0.400000E-01
   -0.148000        0.400000E-01
   -0.144000        0.400000E-01
   -0.140000        0.400000E-01
   -0.136000        0.400000E-01
   -0.132000        0.400000E-01
   -0.128000        0.400000E-01
   -0.124000        0.400000E-01
   -0.120000        0.400000E-01
   -0.116000        0.400000E-01
   -0.112000        0.400000E-01
   -0.108000        0.400000E-01
   -0.104000        0.400000E-01
   -0.100000        0.400000E-01
   -0.960000E-01     0.00000    
   -0.920000E-01     0.00000    
   -0.880000E-01     0.00000    
   -0.840000E-01     0.00000    
   -0.800000E-01     0.00000    
   -0.760000E-01     0.00000    
   -0.720000E-01     0.00000    
   -0.680000E-01     0.00000    
   -0.640000E-01     0.00000    
   -0.600000E-01     0.00000    
   -0.560000E-01     0.00000    
   -0.520000E-01     0.00000    
   -0.480000E-01     0.00000    
   -0.440000E-01     0.00000    
   -0.400000E-01     0.00000    
   -0.360000E-01     0.00000    
   -0.320000E-01     0.00000    
   -0.280000E-01     0.00000    
   -0.240000E-01     0.00000    
   -0.200000E-01     0.00000    
   -0.160000E-01     0.00000    
   -0.120000E-01     0.00000    
   -0.800000E-02     0.00000    
   -0.400000E-02     0.00000    
     0.00000         0.00000    
    0.400000E-02     0.00000    
    0.800000E-02     0.00000    
    0.120000E-01     0.00000    
    0.160000E-01     0.00000    
    0.200000E-01     0.00000    
    0.240000E-01     0.00000    
    0.280000E-01     0.00000    
    0.320000E-01     0.00000    
    0.360000E-01     0.00000    
    0.400000E-01     0.00000    
    0.440000E-01     0.00000    
    0.480000E-01     0.00000    
    0.520000E-01     0.00000    
    0.560000E-01     0.00000    
    0.600000E-01     0.00000    
    0.640000E-01     0.00000    
    0.680000E-01     0.00000    
    0.720000E-01     0.00000    
    0.760000E-01     0.00000    
    0.800000E-01     0.00000    
    0.840000E-01     0.00000    
    0.880000E-01     0.00000    
    0.920000E-01     0.00000    
    0.960000E-01     0.00000    
    0.100000         0.00000    
    0.104000        0.400000E-01
    0.108000        0.400000E-01
    0.112000        0.400000E-01
    0.116000        0.400000E-01
    0.120000        0.400000E-01
    0.124000        0.400000E-01
    0.128000        0.400000E-01
    0.132000        0.400000E-01
    0.136000        0.400000E-01
    0.140000        0.400000E-01
    0.144000        0.400000E-01
    0.148000        0.400000E-01
    0.152000        0.400000E-01
    0.156000        0.400000E-01
    0.160000        0.400000E-01
    0.164000        0.400000E-01
    0.168000        0.400000E-01
    0.172000        0.400000E-01
    0.176000        0.400000E-01
    0.180000        0.400000E-01
    0.184000        0.400000E-01
    0.188000        0.400000E-01
    0.192000        0.400000E-01
    0.196000        0.400000E-01
    0.200000        0.400000E-01
    0.204000        0.500000E-01
    0.208000        0.500000E-01
    0.212000        0.500000E-01
    0.216000        0.500000E-01
    0.220000        0.500000E-01
    0.224000        0.500000E-01
    0.228000        0.500000E-01
    0.232000        0.500000E-01
    0.236000        0.500000E-01
    0.240000        0.500000E-01
    0.244000        0.500000E-01
    0.248000        0.500000E-01
    0.252000        0.500000E-01
    0.256000        0.500000E-01
    0.260000        0.500000E-01
    0.264000        0.500000E-01
    0.268000        0.500000E-01
    0.272000        0.500000E-01
    0.276000        0.500000E-01
    0.280000        0.500000E-01
    0.284000        0.500000E-01
    0.288000        0.500000E-01
    0.292000        0.500000E-01
    0.296000        0.500000E-01
    0.300000        0.500000E-01
    0.304000        0.160000    
    0.308000        0.160000    
    0.312000        0.160000    
    0.316000        0.160000    
    0.320000        0.160000    
    0.324000        0.160000    
    0.328000        0.160000    
    0.332000        0.160000    
    0.336000        0.160000    
    0.340000        0.160000    
    0.344000        0.160000    
    0.348000        0.160000    
    0.352000        0.160000    
    0.356000        0.160000    
    0.360000        0.160000    
    0.364000        0.160000    
    0.368000        0.160000    
    0.372000        0.160000    
    0.376000        0.160000    
    0.380000        0.160000    
    0.384000        0.160000    
    0.388000        0.160000    
    0.392000        0.160000    
    0.396000        0.160000    
    0.400000        0.160000    
    0.404000        0.160000    
    0.408000        0.160000    
    0.412000        0.160000    
    0.416000        0.160000    
    0.420000        0.160000    
    0.424000        0.160000    
    0.428000        0.160000    
    0.432000        0.160000    
    0.436000        0.160000    
    0.440000        0.160000    
    0.444000        0.160000    
    0.448000        0.160000    
    0.452000        0.160000    
    0.456000        0.160000    
    0.460000        0.160000    
    0.464000        0.160000    
    0.468000        0.160000    
    0.472000        0.160000    
    0.476000        0.160000    
    0.480000        0.160000    
    0.484000        0.160000    
    0.488000        0.160000    
    0.492000        0.160000    
    0.496000        0.160000    
    0.500000        0.160000    
    0.504000        0.360000    
    0.508000        0.360000    
    0.512000        0.360000    
    0.516000        0.360000    
    0.520000        0.360000    
    0.524000        0.360000    
    0.528000        0.360000    
    0.532000        0.360000    
    0.536000        0.360000    
    0.540000        0.360000    
    0.544000        0.360000    
    0.548000        0.360000    
    0.552000        0.360000    
    0.556000        0.360000    
    0.560000        0.360000    
    0.564000        0.360000    
    0.568000        0.360000    
    0.572000        0.360000    
    0.576000        0.360000    
    0.580000        0.360000    
    0.584000        0.360000    
    0.588000        0.360000    
    0.592000        0.360000    
    0.596000        0.360000    
    0.600000        0.360000    
    0.604000        0.360000    
    0.608000        0.360000    
    0.612000        0.360000    
    0.616000        0.360000    
    0.620000        0.360000    
    0.624000        0.360000    
    0.628000        0.360000    
    0.632000        0.360000    
    0.636000        0.360000    
    0.640000        0.360000    
    0.644000        0.360000    
    0.648000        0.360000    
    0.652000        0.360000    
    0.656000        0.360000    
    0.660000        0.360000    
    0.664000        0.360000    
    0.668000        0.360000    
    0.672000        0.360000    
    0.676000        0.360000    
    0.680000        0.360000    
    0.684000        0.360000    
    0.688000        0.360000    
    0.692000        0.360000    
    0.696000        0.360000    
    0.700000        0.360000    
    0.704000        0.640000    
    0.708000        0.640000    
    0.712000        0.640000    
    0.716000        0.640000    
    0.720000        0.640000    
    0.724000        0.640000    
    0.728000        0.640000    
    0.732000        0.640000    
    0.736000        0.640000    
    0.740000        0.640000    
    0.744000        0.640000    
    0.748000        0.640000    
    0.752000        0.640000    
    0.756000        0.640000    
    0.760000        0.640000    
    0.764000        0.640000    
    0.768000        0.640000    
    0.772000        0.640000    
    0.776000        0.640000    
    0.780000        0.640000    
    0.784000        0.640000    
    0.788000        0.640000    
    0.792000        0.640000    
    0.796000        0.640000    
    0.800000        0.640000    
    0.804000        0.640000    
    0.808000        0.640000    
    0.812000        0.640000    
    0.816000        0.640000    
    0.820000        0.640000    
    0.824000        0.640000    
    0.828000        0.640000    
    0.832000        0.640000    
    0.836000        0.640000    
    0.840000        0.640000    
    0.844000        0.640000    
    0.848000        0.640000    
    0.852000        0.640000    
    0.856000        0.640000    
    0.860000        0.640000    
    0.864000        0.640000    
    0.868000        0.640000    
    0.872000        0.640000    
    0.876000        0.640000    
    0.880000        0.640000    
    0.884000        0.640000    
    0.888000        0.640000    
    0.892000        0.640000    
    0.896000        0.640000    
    0.900000        0.640000    
    0.904000         1.00000    
    0.908000         1.00000    
    0.912000         1.00000    
    0.916000         1.00000    
    0.920000         1.00000    
    0.924000         1.00000    
    0.928000         1.00000    
    0.932000         1.00000    
    0.936000         1.00000    
    0.940000         1.00000    
    0.944000         1.00000    
    0.948000         1.00000    
    0.952000         1.00000    
    0.956000         1.00000    
    0.960000         1.00000    
    0.964000         1.00000    
    0.968000         1.00000    
    0.972000         1.00000    
    0.976000         1.00000    
    0.980000         1.00000    
    0.984000         1.00000    
    0.988000         1.00000    
    0.992000         1.00000    
    0.996000         1.00000    
     1.00000         1.00000    
