     0.00000         0.00000    
    0.620000E-01     0.00000    
    0.124000         0.00000    
    0.186000         0.00000    
    0.248000         0.00000    
    0.310000         0.00000    
    0.372000         0.00000    
    0.434000         0.00000    
    0.496000         0.00000    
    0.558000         0.00000    
    0.620000         0.00000    
    0.682000         5.00000    
    0.744000         5.00000    
    0.806000         5.00000    
    0.868000         5.00000    
    0.930000         5.00000    
    0.992000         5.00000    
     1.05400         5.00000    
     1.11600         5.00000    
     1.17800         5.00000    
     1.24000         5.00000    
     1.30200         5.00000    
     1.36400         5.00000    
     1.42600         5.00000    
     1.48800         5.00000    
     1.55000         5.00000    
     1.61200         5.00000    
     1.67400         5.00000    
     1.73600         5.00000    
     1.79800         5.00000    
     1.86000         5.00000    
     1.92200         5.00000    
     1.98400         5.00000    
     2.04600         5.00000    
     2.10800         5.00000    
     2.17000         5.00000    
     2.23200         5.00000    
     2.29400         5.00000    
     2.35600         5.00000    
     2.41800         5.00000    
     2.48000         5.00000    
     2.54200         5.00000    
     2.60400         5.00000    
     2.66600         5.00000    
     2.72800         5.00000    
     2.79000         5.00000    
     2.85200         5.00000    
     2.91400         5.00000    
     2.97600         5.00000    
     3.03800         5.00000    
     3.10000         5.00000    
     3.16200         5.00000    
     3.22400         8.66000    
     3.28600         8.66000    
     3.34800         8.66000    
     3.41000         8.66000    
     3.47200         8.66000    
     3.53400         8.66000    
     3.59600         8.66000    
     3.65800         8.66000    
     3.72000         8.66000    
     3.78200         8.66000    
     3.84400         8.66000    
     3.90600         8.66000    
     3.96800         8.66000    
     4.03000         8.66000    
     4.09200         8.66000    
     4.15400         8.66000    
     4.21600         8.66000    
     4.27800         8.66000    
     4.34000         8.66000    
     4.40200         8.66000    
     4.46400         8.66000    
     4.52600         8.66000    
     4.58800         8.66000    
     4.65000         8.66000    
     4.71200         8.66000    
     4.77400         8.66000    
     4.83600         8.66000    
     4.89800         8.66000    
     4.96000         8.66000    
     5.02200         8.66000    
     5.08400         8.66000    
     5.14600         8.66000    
     5.20800         8.66000    
     5.27000         8.66000    
     5.33200         8.66000    
     5.39400         8.66000    
     5.45600         8.66000    
     5.51800         8.66000    
     5.58000         8.66000    
     5.64200         8.66000    
     5.70400         8.66000    
     5.76600         8.66000    
     5.82800         8.66000    
     5.89000         8.66000    
     5.95200         8.66000    
     6.01400         8.66000    
     6.07600         8.66000    
     6.13800         8.66000    
     6.20000         8.66000    
     6.26200         8.66000    
     6.32400         8.66000    
     6.38600         8.66000    
     6.44800         8.66000    
     6.51000         8.66000    
     6.57200         8.66000    
     6.63400         8.66000    
     6.69600         8.66000    
     6.75800         8.66000    
     6.82000         8.66000    
     6.88200         8.66000    
     6.94400         8.66000    
     7.00600         8.66000    
     7.06800         8.66000    
     7.13000         8.66000    
     7.19200         8.66000    
     7.25400         8.66000    
     7.31600         8.66000    
     7.37800         8.66000    
     7.44000         8.66000    
     7.50200         10.0000    
     7.56400         10.0000    
     7.62600         10.0000    
     7.68800         10.0000    
     7.75000         10.0000    
     7.81200         10.0000    
     7.87400         10.0000    
     7.93600         10.0000    
     7.99800         10.0000    
     8.06000         10.0000    
     8.12200         10.0000    
     8.18400         10.0000    
     8.24600         10.0000    
     8.30800         10.0000    
     8.37000         10.0000    
     8.43200         10.0000    
     8.49400         10.0000    
     8.55600         10.0000    
     8.61800         10.0000    
     8.68000         10.0000    
     8.74200         10.0000    
     8.80400         10.0000    
     8.86600         10.0000    
     8.92800         10.0000    
     8.99000         10.0000    
     9.05200         10.0000    
     9.11400         10.0000    
     9.17600         10.0000    
     9.23800         10.0000    
     9.30000         10.0000    
     9.36200         10.0000    
     9.42400         10.0000    
     9.48600         10.0000    
     9.54800         10.0000    
     9.61000         10.0000    
     9.67200         10.0000    
     9.73400         10.0000    
     9.79600         10.0000    
     9.85800         10.0000    
     9.92000         10.0000    
     9.98200         10.0000    
     10.0440         10.0000    
     10.1060         10.0000    
     10.1680         10.0000    
     10.2300         10.0000    
     10.2920         10.0000    
     10.3540         10.4000    
     10.4160         10.4000    
     10.4780         10.4000    
     10.5400         10.4000    
     10.6020         10.4000    
     10.6640         12.0000    
     10.7260         28.6000    
     10.7880         30.2000    
     10.8500         30.2000    
     10.9120         30.2000    
     10.9740         30.2000    
     11.0360         30.2000    
     11.0980         30.2000    
     11.1600         30.6000    
     11.2220         30.6000    
     11.2840         30.6000    
     11.3460         30.6000    
     11.4080         30.6000    
     11.4700         30.6000    
     11.5320         30.6000    
     11.5940         30.6000    
     11.6560         30.6000    
     11.7180         30.6000    
     11.7800         30.6000    
     11.8420         30.6000    
     11.9040         30.6000    
     11.9660         30.6000    
     12.0280         30.6000    
     12.0900         30.6000    
     12.1520         30.6000    
     12.2140         30.6000    
     12.2760         30.6000    
     12.3380         30.6000    
     12.4000         30.6000    
     12.4620         30.6000    
     12.5240         30.6000    
     12.5860         30.6000    
     12.6480         30.6000    
     12.7100         30.6000    
     12.7720         30.6000    
     12.8340         30.6000    
     12.8960         30.6000    
     12.9580         30.6000    
     13.0200         30.6000    
     13.0820         30.6000    
     13.1440         30.6000    
     13.2060         30.6000    
     13.2680         30.6000    
     13.3300         30.6000    
     13.3920         30.6000    
     13.4540         30.6000    
     13.5160         30.6000    
     13.5780         30.6000    
     13.6400         30.6000    
     13.7020         30.6000    
     13.7640         30.6000    
     13.8260         30.6000    
     13.8880         30.6000    
     13.9500         30.6000    
     14.0120         30.6000    
     14.0740         30.6000    
     14.1360         30.6000    
     14.1980         30.6000    
     14.2600         30.6000    
     14.3220         30.6000    
     14.3840         30.6000    
     14.4460         30.6000    
     14.5080         30.6000    
     14.5700         30.6000    
     14.6320         30.6000    
     14.6940         30.6000    
     14.7560         30.6000    
     14.8180         30.6000    
     14.8800         30.6000    
     14.9420         30.6000    
     15.0040         30.6000    
     15.0660         30.6000    
     15.1280         30.6000    
     15.1900         30.6000    
     15.2520         30.6000    
     15.3140         30.6000    
     15.3760         30.6000    
     15.4380         30.6000    
     15.5000         30.6000    
     15.5620         30.6000    
     15.6240         30.6000    
     15.6860         30.6000    
     15.7480         30.6000    
     15.8100         30.6000    
     15.8720         30.6000    
     15.9340         30.6000    
     15.9960         30.6000    
     16.0580         30.6000    
     16.1200         30.6000    
     16.1820         30.6000    
     16.2440         30.6000    
     16.3060         30.6000    
     16.3680         30.6000    
     16.4300         30.6000    
     16.4920         30.6000    
     16.5540         30.6000    
     16.6160         30.6000    
     16.6780         30.6000    
     16.7400         30.6000    
     16.8020         30.6000    
     16.8640         30.6000    
     16.9260         30.6000    
     16.9880         30.6000    
     17.0500         30.6000    
     17.1120         30.6000    
     17.1740         30.6000    
     17.2360         30.6000    
     17.2980         30.6000    
     17.3600         30.6000    
     17.4220         30.6000    
     17.4840         30.6000    
     17.5460         30.6000    
     17.6080         30.6000    
     17.6700         30.6000    
     17.7320         30.6000    
     17.7940         30.6000    
     17.8560         30.6000    
     17.9180         30.6000    
     17.9800         30.6000    
     18.0420         30.6000    
     18.1040         30.6000    
     18.1660         30.6000    
     18.2280         30.6000    
     18.2900         30.6000    
     18.3520         30.6000    
     18.4140         30.6000    
     18.4760         30.6000    
     18.5380         30.6000    
     18.6000         30.6000    
     18.6620         30.6000    
     18.7240         30.6000    
     18.7860         30.6000    
     18.8480         30.6000    
     18.9100         30.6000    
     18.9720         30.6000    
     19.0340         30.6000    
     19.0960         30.6000    
     19.1580         30.6000    
     19.2200         30.6000    
     19.2820         30.6000    
     19.3440         30.6000    
     19.4060         30.6000    
     19.4680         30.6000    
     19.5300         30.6000    
     19.5920         30.6000    
     19.6540         30.6000    
     19.7160         30.6000    
     19.7780         30.6000    
     19.8400         30.6000    
     19.9020         30.2000    
     19.9640         30.2000    
     20.0260         30.2000    
     20.0880         30.2000    
     20.1500         30.2000    
     20.2120         30.2000    
     20.2740         28.6000    
     20.3360         12.0000    
     20.3980         10.4000    
     20.4600         10.4000    
     20.5220         10.4000    
     20.5840         10.4000    
     20.6460         10.4000    
     20.7080         10.0000    
     20.7700         10.0000    
     20.8320         10.0000    
     20.8940         10.0000    
     20.9560         10.0000    
     21.0180         10.0000    
     21.0800         10.0000    
     21.1420         10.0000    
     21.2040         10.0000    
     21.2660         10.0000    
     21.3280         10.0000    
     21.3900         10.0000    
     21.4520         10.0000    
     21.5140         10.0000    
     21.5760         10.0000    
     21.6380         10.0000    
     21.7000         10.0000    
     21.7620         10.0000    
     21.8240         10.0000    
     21.8860         10.0000    
     21.9480         10.0000    
     22.0100         10.0000    
     22.0720         10.0000    
     22.1340         10.0000    
     22.1960         10.0000    
     22.2580         10.0000    
     22.3200         10.0000    
     22.3820         10.0000    
     22.4440         10.0000    
     22.5060         10.0000    
     22.5680         10.0000    
     22.6300         10.0000    
     22.6920         10.0000    
     22.7540         10.0000    
     22.8160         10.0000    
     22.8780         10.0000    
     22.9400         10.0000    
     23.0020         10.0000    
     23.0640         10.0000    
     23.1260         10.0000    
     23.1880         10.0000    
     23.2500         10.0000    
     23.3120         10.0000    
     23.3740         10.0000    
     23.4360         10.0000    
     23.4980         10.0000    
     23.5600         8.66000    
     23.6220         8.66000    
     23.6840         8.66000    
     23.7460         8.66000    
     23.8080         8.66000    
     23.8700         8.66000    
     23.9320         8.66000    
     23.9940         8.66000    
     24.0560         8.66000    
     24.1180         8.66000    
     24.1800         8.66000    
     24.2420         8.66000    
     24.3040         8.66000    
     24.3660         8.66000    
     24.4280         8.66000    
     24.4900         8.66000    
     24.5520         8.66000    
     24.6140         8.66000    
     24.6760         8.66000    
     24.7380         8.66000    
     24.8000         8.66000    
     24.8620         8.66000    
     24.9240         8.66000    
     24.9860         8.66000    
     25.0480         8.66000    
     25.1100         8.66000    
     25.1720         8.66000    
     25.2340         8.66000    
     25.2960         8.66000    
     25.3580         8.66000    
     25.4200         8.66000    
     25.4820         8.66000    
     25.5440         8.66000    
     25.6060         8.66000    
     25.6680         8.66000    
     25.7300         8.66000    
     25.7920         8.66000    
     25.8540         8.66000    
     25.9160         8.66000    
     25.9780         8.66000    
     26.0400         8.66000    
     26.1020         8.66000    
     26.1640         8.66000    
     26.2260         8.66000    
     26.2880         8.66000    
     26.3500         8.66000    
     26.4120         8.66000    
     26.4740         8.66000    
     26.5360         8.66000    
     26.5980         8.66000    
     26.6600         8.66000    
     26.7220         8.66000    
     26.7840         8.66000    
     26.8460         8.66000    
     26.9080         8.66000    
     26.9700         8.66000    
     27.0320         8.66000    
     27.0940         8.66000    
     27.1560         8.66000    
     27.2180         8.66000    
     27.2800         8.66000    
     27.3420         8.66000    
     27.4040         8.66000    
     27.4660         8.66000    
     27.5280         8.66000    
     27.5900         8.66000    
     27.6520         8.66000    
     27.7140         8.66000    
     27.7760         8.66000    
     27.8380         5.00000    
     27.9000         5.00000    
     27.9620         5.00000    
     28.0240         5.00000    
     28.0860         5.00000    
     28.1480         5.00000    
     28.2100         5.00000    
     28.2720         5.00000    
     28.3340         5.00000    
     28.3960         5.00000    
     28.4580         5.00000    
     28.5200         5.00000    
     28.5820         5.00000    
     28.6440         5.00000    
     28.7060         5.00000    
     28.7680         5.00000    
     28.8300         5.00000    
     28.8920         5.00000    
     28.9540         5.00000    
     29.0160         5.00000    
     29.0780         5.00000    
     29.1400         5.00000    
     29.2020         5.00000    
     29.2640         5.00000    
     29.3260         5.00000    
     29.3880         5.00000    
     29.4500         5.00000    
     29.5120         5.00000    
     29.5740         5.00000    
     29.6360         5.00000    
     29.6980         5.00000    
     29.7600         5.00000    
     29.8220         5.00000    
     29.8840         5.00000    
     29.9460         5.00000    
     30.0080         5.00000    
     30.0700         5.00000    
     30.1320         5.00000    
     30.1940         5.00000    
     30.2560         5.00000    
     30.3180         5.00000    
     30.3800         0.00000    
     30.4420         0.00000    
     30.5040         0.00000    
     30.5660         0.00000    
     30.6280         0.00000    
     30.6900         0.00000    
     30.7520         0.00000    
     30.8140         0.00000    
     30.8760         0.00000    
     30.9380         0.00000    
     31.0000         0.00000    
