     0.00000         1.00000    
    0.100000E-01     1.00000    
    0.200000E-01     1.00000    
    0.300000E-01     1.00000    
    0.400000E-01     1.00000    
    0.500000E-01     1.00000    
    0.600000E-01     1.00000    
    0.700000E-01     1.00000    
    0.800000E-01     1.00000    
    0.900000E-01     1.00000    
    0.100000         1.00000    
    0.110000         1.00000    
    0.120000         1.00000    
    0.130000         1.00000    
    0.140000         1.00000    
    0.150000         1.00000    
    0.160000         1.00000    
    0.170000         1.00000    
    0.180000         1.00000    
    0.190000         1.00000    
    0.200000         1.00000    
    0.210000         1.00000    
    0.220000         1.00000    
    0.230000         1.00000    
    0.240000         1.00000    
    0.250000         1.00000    
    0.260000         1.00000    
    0.270000         1.00000    
    0.280000         1.00000    
    0.290000         1.00000    
    0.300000         1.00000    
    0.310000         1.00000    
    0.320000         1.00000    
    0.330000         1.00000    
    0.340000         1.00000    
    0.350000         1.00000    
    0.360000         1.00000    
    0.370000         1.00000    
    0.380000         1.00000    
    0.390000         1.00000    
    0.400000         1.00000    
    0.410000         1.00000    
    0.420000         1.00000    
    0.430000         1.00000    
    0.440000         1.00000    
    0.450000         1.00000    
    0.460000         1.00000    
    0.470000         1.00000    
    0.480000         1.00000    
    0.490000         1.00000    
    0.500000         1.00000    
    0.510000         2.00000    
    0.520000         2.00000    
    0.530000         2.00000    
    0.540000         2.00000    
    0.550000         2.00000    
    0.560000         2.00000    
    0.570000         2.00000    
    0.580000         2.00000    
    0.590000         2.00000    
    0.600000         2.00000    
    0.610000         2.00000    
    0.620000         2.00000    
    0.630000         2.00000    
    0.640000         2.00000    
    0.650000         2.00000    
    0.660000         2.00000    
    0.670000         2.00000    
    0.680000         2.00000    
    0.690000         2.00000    
    0.700000         2.00000    
    0.710000         2.00000    
    0.720000         2.00000    
    0.730000         2.00000    
    0.740000         2.00000    
    0.750000         2.00000    
    0.760000         2.00000    
    0.770000         2.00000    
    0.780000         2.00000    
    0.790000         2.00000    
    0.800000         2.00000    
    0.810000         2.00000    
    0.820000         2.00000    
    0.830000         2.00000    
    0.840000         2.00000    
    0.850000         2.00000    
    0.860000         2.00000    
    0.870000         2.00000    
    0.880000         2.00000    
    0.890000         2.00000    
    0.900000         2.00000    
    0.910000         2.00000    
    0.920000         2.00000    
    0.930000         2.00000    
    0.940000         2.00000    
    0.950000         2.00000    
    0.960000         2.00000    
    0.970000         2.00000    
    0.980000         2.00000    
    0.990000         2.00000    
     1.00000         2.00000    
     1.01000         2.00000    
     1.02000         2.00000    
     1.03000         2.00000    
     1.04000         2.00000    
     1.05000         2.00000    
     1.06000         2.00000    
     1.07000         2.00000    
     1.08000         2.00000    
     1.09000         2.00000    
     1.10000         2.00000    
     1.11000         2.00000    
     1.12000         2.00000    
     1.13000         2.00000    
     1.14000         2.00000    
     1.15000         2.00000    
     1.16000         2.00000    
     1.17000         2.00000    
     1.18000         2.00000    
     1.19000         2.00000    
     1.20000         2.00000    
     1.21000         2.00000    
     1.22000         2.00000    
     1.23000         2.00000    
     1.24000         2.00000    
     1.25000         2.00000    
     1.26000         2.00000    
     1.27000         2.00000    
     1.28000         2.00000    
     1.29000         2.00000    
     1.30000         2.00000    
     1.31000         2.00000    
     1.32000         2.00000    
     1.33000         2.00000    
     1.34000         2.00000    
     1.35000         2.00000    
     1.36000         2.00000    
     1.37000         2.00000    
     1.38000         2.00000    
     1.39000         2.00000    
     1.40000         2.00000    
     1.41000         2.00000    
     1.42000         2.00000    
     1.43000         2.00000    
     1.44000         2.00000    
     1.45000         2.00000    
     1.46000         2.00000    
     1.47000         2.00000    
     1.48000         2.00000    
     1.49000         2.00000    
     1.50000         2.00000    
     1.51000         2.00000    
     1.52000         2.00000    
     1.53000         2.00000    
     1.54000         2.00000    
     1.55000         2.00000    
     1.56000         2.00000    
     1.57000         2.00000    
     1.58000         2.00000    
     1.59000         2.00000    
     1.60000         2.00000    
     1.61000         2.00000    
     1.62000         2.00000    
     1.63000         2.00000    
     1.64000         2.00000    
     1.65000         2.00000    
     1.66000         2.00000    
     1.67000         2.00000    
     1.68000         2.00000    
     1.69000         2.00000    
     1.70000         2.00000    
     1.71000         2.00000    
     1.72000         2.00000    
     1.73000         2.00000    
     1.74000         2.00000    
     1.75000         2.00000    
     1.76000         2.00000    
     1.77000         2.00000    
     1.78000         2.00000    
     1.79000         2.00000    
     1.80000         2.00000    
     1.81000         2.00000    
     1.82000         2.00000    
     1.83000         2.00000    
     1.84000         2.00000    
     1.85000         2.00000    
     1.86000         2.00000    
     1.87000         2.00000    
     1.88000         2.00000    
     1.89000         2.00000    
     1.90000         2.00000    
     1.91000         2.00000    
     1.92000         2.00000    
     1.93000         2.00000    
     1.94000         2.00000    
     1.95000         2.00000    
     1.96000         2.00000    
     1.97000         2.00000    
     1.98000         2.00000    
     1.99000         2.00000    
     2.00000         2.00000    
     2.01000         2.00000    
     2.02000         2.00000    
     2.03000         2.00000    
     2.04000         2.00000    
     2.05000         2.00000    
     2.06000         2.00000    
     2.07000         2.00000    
     2.08000         2.00000    
     2.09000         2.00000    
     2.10000         2.00000    
     2.11000         2.00000    
     2.12000         2.00000    
     2.13000         2.00000    
     2.14000         2.00000    
     2.15000         2.00000    
     2.16000         2.00000    
     2.17000         2.00000    
     2.18000         2.00000    
     2.19000         2.00000    
     2.20000         2.00000    
     2.21000         2.00000    
     2.22000         2.00000    
     2.23000         2.00000    
     2.24000         2.00000    
     2.25000         2.00000    
     2.26000         2.00000    
     2.27000         2.00000    
     2.28000         2.00000    
     2.29000         2.00000    
     2.30000         2.00000    
     2.31000         2.00000    
     2.32000         2.00000    
     2.33000         2.00000    
     2.34000         2.00000    
     2.35000         2.00000    
     2.36000         2.00000    
     2.37000         2.00000    
     2.38000         2.00000    
     2.39000         2.00000    
     2.40000         2.00000    
     2.41000         2.00000    
     2.42000         2.00000    
     2.43000         2.00000    
     2.44000         2.00000    
     2.45000         2.00000    
     2.46000         2.00000    
     2.47000         2.00000    
     2.48000         2.00000    
     2.49000         2.00000    
     2.50000         2.00000    
     2.51000         2.00000    
     2.52000         2.00000    
     2.53000         2.00000    
     2.54000         2.00000    
     2.55000         2.00000    
     2.56000         2.00000    
     2.57000         2.00000    
     2.58000         2.00000    
     2.59000         2.00000    
     2.60000         2.00000    
     2.61000         2.00000    
     2.62000         2.00000    
     2.63000         2.00000    
     2.64000         2.00000    
     2.65000         2.00000    
     2.66000         2.00000    
     2.67000         2.00000    
     2.68000         2.00000    
     2.69000         2.00000    
     2.70000         2.00000    
     2.71000         2.00000    
     2.72000         2.00000    
     2.73000         2.00000    
     2.74000         2.00000    
     2.75000         2.00000    
     2.76000         2.00000    
     2.77000         2.00000    
     2.78000         2.00000    
     2.79000         2.00000    
     2.80000         2.00000    
     2.81000         2.00000    
     2.82000         2.00000    
     2.83000         2.00000    
     2.84000         2.00000    
     2.85000         2.00000    
     2.86000         2.00000    
     2.87000         2.00000    
     2.88000         2.00000    
     2.89000         2.00000    
     2.90000         2.00000    
     2.91000         2.00000    
     2.92000         2.00000    
     2.93000         2.00000    
     2.94000         2.00000    
     2.95000         2.00000    
     2.96000         2.00000    
     2.97000         2.00000    
     2.98000         2.00000    
     2.99000         2.00000    
     3.00000         2.00000    
     3.01000         2.00000    
     3.02000         2.00000    
     3.03000         2.00000    
     3.04000         2.00000    
     3.05000         2.00000    
     3.06000         2.00000    
     3.07000         2.00000    
     3.08000         2.00000    
     3.09000         2.00000    
     3.10000         2.00000    
     3.11000         2.00000    
     3.12000         2.00000    
     3.13000         2.00000    
     3.14000         2.00000    
     3.15000         2.00000    
     3.16000         2.00000    
     3.17000         2.00000    
     3.18000         2.00000    
     3.19000         2.00000    
     3.20000         2.00000    
     3.21000         2.00000    
     3.22000         2.00000    
     3.23000         2.00000    
     3.24000         2.00000    
     3.25000         2.00000    
     3.26000         2.00000    
     3.27000         2.00000    
     3.28000         2.00000    
     3.29000         2.00000    
     3.30000         2.00000    
     3.31000         2.00000    
     3.32000         2.00000    
     3.33000         2.00000    
     3.34000         2.00000    
     3.35000         2.00000    
     3.36000         2.00000    
     3.37000         2.00000    
     3.38000         2.00000    
     3.39000         2.00000    
     3.40000         2.00000    
     3.41000         2.00000    
     3.42000         2.00000    
     3.43000         2.00000    
     3.44000         2.00000    
     3.45000         2.00000    
     3.46000         2.00000    
     3.47000         2.00000    
     3.48000         2.00000    
     3.49000         2.00000    
     3.50000         2.00000    
     3.51000         2.00000    
     3.52000         2.00000    
     3.53000         2.00000    
     3.54000         2.00000    
     3.55000         2.00000    
     3.56000         2.00000    
     3.57000         2.00000    
     3.58000         2.00000    
     3.59000         2.00000    
     3.60000         2.00000    
     3.61000         2.00000    
     3.62000         2.00000    
     3.63000         2.00000    
     3.64000         2.00000    
     3.65000         2.00000    
     3.66000         2.00000    
     3.67000         2.00000    
     3.68000         2.00000    
     3.69000         2.00000    
     3.70000         2.00000    
     3.71000         2.00000    
     3.72000         2.00000    
     3.73000         2.00000    
     3.74000         2.00000    
     3.75000         2.00000    
     3.76000         2.00000    
     3.77000         2.00000    
     3.78000         2.00000    
     3.79000         2.00000    
     3.80000         2.00000    
     3.81000         2.00000    
     3.82000         2.00000    
     3.83000         2.00000    
     3.84000         2.00000    
     3.85000         2.00000    
     3.86000         2.00000    
     3.87000         2.00000    
     3.88000         2.00000    
     3.89000         2.00000    
     3.90000         2.00000    
     3.91000         2.00000    
     3.92000         2.00000    
     3.93000         2.00000    
     3.94000         2.00000    
     3.95000         2.00000    
     3.96000         2.00000    
     3.97000         2.00000    
     3.98000         2.00000    
     3.99000         2.00000    
     4.00000         2.00000    
     4.01000         2.00000    
     4.02000         2.00000    
     4.03000         2.00000    
     4.04000         2.00000    
     4.05000         2.00000    
     4.06000         2.00000    
     4.07000         2.00000    
     4.08000         2.00000    
     4.09000         2.00000    
     4.10000         2.00000    
     4.11000         2.00000    
     4.12000         2.00000    
     4.13000         2.00000    
     4.14000         2.00000    
     4.15000         2.00000    
     4.16000         2.00000    
     4.17000         2.00000    
     4.18000         2.00000    
     4.19000         2.00000    
     4.20000         2.00000    
     4.21000         2.00000    
     4.22000         2.00000    
     4.23000         2.00000    
     4.24000         2.00000    
     4.25000         2.00000    
     4.26000         2.00000    
     4.27000         2.00000    
     4.28000         2.00000    
     4.29000         2.00000    
     4.30000         2.00000    
     4.31000         2.00000    
     4.32000         2.00000    
     4.33000         2.00000    
     4.34000         2.00000    
     4.35000         2.00000    
     4.36000         2.00000    
     4.37000         2.00000    
     4.38000         2.00000    
     4.39000         2.00000    
     4.40000         2.00000    
     4.41000         2.00000    
     4.42000         2.00000    
     4.43000         2.00000    
     4.44000         2.00000    
     4.45000         2.00000    
     4.46000         2.00000    
     4.47000         2.00000    
     4.48000         2.00000    
     4.49000         2.00000    
     4.50000         2.00000    
     4.51000         1.00000    
     4.52000         1.00000    
     4.53000         1.00000    
     4.54000         1.00000    
     4.55000         1.00000    
     4.56000         1.00000    
     4.57000         1.00000    
     4.58000         1.00000    
     4.59000         1.00000    
     4.60000         1.00000    
     4.61000         1.00000    
     4.62000         1.00000    
     4.63000         1.00000    
     4.64000         1.00000    
     4.65000         1.00000    
     4.66000         1.00000    
     4.67000         1.00000    
     4.68000         1.00000    
     4.69000         1.00000    
     4.70000         1.00000    
     4.71000         1.00000    
     4.72000         1.00000    
     4.73000         1.00000    
     4.74000         1.00000    
     4.75000         1.00000    
     4.76000         1.00000    
     4.77000         1.00000    
     4.78000         1.00000    
     4.79000         1.00000    
     4.80000         1.00000    
     4.81000         1.00000    
     4.82000         1.00000    
     4.83000         1.00000    
     4.84000         1.00000    
     4.85000         1.00000    
     4.86000         1.00000    
     4.87000         1.00000    
     4.88000         1.00000    
     4.89000         1.00000    
     4.90000         1.00000    
     4.91000         1.00000    
     4.92000         1.00000    
     4.93000         1.00000    
     4.94000         1.00000    
     4.95000         1.00000    
     4.96000         1.00000    
     4.97000         1.00000    
     4.98000         1.00000    
     4.99000         1.00000    
     5.00000         1.00000    
