     595.000        0.644000    
     595.960        0.644000    
     596.920        0.644000    
     597.880        0.644000    
     598.840        0.644000    
     599.800        0.644000    
     600.760        0.622000    
     601.720        0.622000    
     602.680        0.622000    
     603.640        0.622000    
     604.600        0.622000    
     605.560        0.622000    
     606.520        0.622000    
     607.480        0.622000    
     608.440        0.622000    
     609.400        0.622000    
     610.360        0.638000    
     611.320        0.638000    
     612.280        0.638000    
     613.240        0.638000    
     614.200        0.638000    
     615.160        0.638000    
     616.120        0.638000    
     617.080        0.638000    
     618.040        0.638000    
     619.000        0.638000    
     619.960        0.638000    
     620.920        0.649000    
     621.880        0.649000    
     622.840        0.649000    
     623.800        0.649000    
     624.760        0.649000    
     625.720        0.649000    
     626.680        0.649000    
     627.640        0.649000    
     628.600        0.649000    
     629.560        0.649000    
     630.520        0.652000    
     631.480        0.652000    
     632.440        0.652000    
     633.400        0.652000    
     634.360        0.652000    
     635.320        0.652000    
     636.280        0.652000    
     637.240        0.652000    
     638.200        0.652000    
     639.160        0.652000    
     640.120        0.639000    
     641.080        0.639000    
     642.040        0.639000    
     643.000        0.639000    
     643.960        0.639000    
     644.920        0.639000    
     645.880        0.639000    
     646.840        0.639000    
     647.800        0.639000    
     648.760        0.639000    
     649.720        0.639000    
     650.680        0.646000    
     651.640        0.646000    
     652.600        0.646000    
     653.560        0.646000    
     654.520        0.646000    
     655.480        0.646000    
     656.440        0.646000    
     657.400        0.646000    
     658.360        0.646000    
     659.320        0.646000    
     660.280        0.657000    
     661.240        0.657000    
     662.200        0.657000    
     663.160        0.657000    
     664.120        0.657000    
     665.080        0.657000    
     666.040        0.657000    
     667.000        0.657000    
     667.960        0.657000    
     668.920        0.657000    
     669.880        0.657000    
     670.840        0.652000    
     671.800        0.652000    
     672.760        0.652000    
     673.720        0.652000    
     674.680        0.652000    
     675.640        0.652000    
     676.600        0.652000    
     677.560        0.652000    
     678.520        0.652000    
     679.480        0.652000    
     680.440        0.655000    
     681.400        0.655000    
     682.360        0.655000    
     683.320        0.655000    
     684.280        0.655000    
     685.240        0.655000    
     686.200        0.655000    
     687.160        0.655000    
     688.120        0.655000    
     689.080        0.655000    
     690.040        0.644000    
     691.000        0.644000    
     691.960        0.644000    
     692.920        0.644000    
     693.880        0.644000    
     694.840        0.644000    
     695.800        0.644000    
     696.760        0.644000    
     697.720        0.644000    
     698.680        0.644000    
     699.640        0.644000    
     700.600        0.663000    
     701.560        0.663000    
     702.520        0.663000    
     703.480        0.663000    
     704.440        0.663000    
     705.400        0.663000    
     706.360        0.663000    
     707.320        0.663000    
     708.280        0.663000    
     709.240        0.663000    
     710.200        0.663000    
     711.160        0.663000    
     712.120        0.663000    
     713.080        0.663000    
     714.040        0.663000    
     715.000        0.663000    
     715.960        0.663000    
     716.920        0.663000    
     717.880        0.663000    
     718.840        0.663000    
     719.800        0.663000    
     720.760        0.668000    
     721.720        0.668000    
     722.680        0.668000    
     723.640        0.668000    
     724.600        0.668000    
     725.560        0.668000    
     726.520        0.668000    
     727.480        0.668000    
     728.440        0.668000    
     729.400        0.668000    
     730.360        0.676000    
     731.320        0.676000    
     732.280        0.676000    
     733.240        0.676000    
     734.200        0.676000    
     735.160        0.676000    
     736.120        0.676000    
     737.080        0.676000    
     738.040        0.676000    
     739.000        0.676000    
     739.960        0.676000    
     740.920        0.676000    
     741.880        0.676000    
     742.840        0.676000    
     743.800        0.676000    
     744.760        0.676000    
     745.720        0.676000    
     746.680        0.676000    
     747.640        0.676000    
     748.600        0.676000    
     749.560        0.676000    
     750.520        0.686000    
     751.480        0.686000    
     752.440        0.686000    
     753.400        0.686000    
     754.360        0.686000    
     755.320        0.686000    
     756.280        0.686000    
     757.240        0.686000    
     758.200        0.686000    
     759.160        0.686000    
     760.120        0.679000    
     761.080        0.679000    
     762.040        0.679000    
     763.000        0.679000    
     763.960        0.679000    
     764.920        0.679000    
     765.880        0.679000    
     766.840        0.679000    
     767.800        0.679000    
     768.760        0.679000    
     769.720        0.679000    
     770.680        0.678000    
     771.640        0.678000    
     772.600        0.678000    
     773.560        0.678000    
     774.520        0.678000    
     775.480        0.678000    
     776.440        0.678000    
     777.400        0.678000    
     778.360        0.678000    
     779.320        0.678000    
     780.280        0.683000    
     781.240        0.683000    
     782.200        0.683000    
     783.160        0.683000    
     784.120        0.683000    
     785.080        0.683000    
     786.040        0.683000    
     787.000        0.683000    
     787.960        0.683000    
     788.920        0.683000    
     789.880        0.683000    
     790.840        0.694000    
     791.800        0.694000    
     792.760        0.694000    
     793.720        0.694000    
     794.680        0.694000    
     795.640        0.694000    
     796.600        0.694000    
     797.560        0.694000    
     798.520        0.694000    
     799.480        0.694000    
     800.440        0.699000    
     801.400        0.699000    
     802.360        0.699000    
     803.320        0.699000    
     804.280        0.699000    
     805.240        0.699000    
     806.200        0.699000    
     807.160        0.699000    
     808.120        0.699000    
     809.080        0.699000    
     810.040        0.710000    
     811.000        0.710000    
     811.960        0.710000    
     812.920        0.710000    
     813.880        0.710000    
     814.840        0.710000    
     815.800        0.710000    
     816.760        0.710000    
     817.720        0.710000    
     818.680        0.710000    
     819.640        0.710000    
     820.600        0.730000    
     821.560        0.730000    
     822.520        0.730000    
     823.480        0.730000    
     824.440        0.730000    
     825.400        0.730000    
     826.360        0.730000    
     827.320        0.730000    
     828.280        0.730000    
     829.240        0.730000    
     830.200        0.763000    
     831.160        0.763000    
     832.120        0.763000    
     833.080        0.763000    
     834.040        0.763000    
     835.000        0.763000    
     835.960        0.763000    
     836.920        0.763000    
     837.880        0.763000    
     838.840        0.763000    
     839.800        0.763000    
     840.760        0.812000    
     841.720        0.812000    
     842.680        0.812000    
     843.640        0.812000    
     844.600        0.812000    
     845.560        0.812000    
     846.520        0.812000    
     847.480        0.812000    
     848.440        0.812000    
     849.400        0.812000    
     850.360        0.907000    
     851.320        0.907000    
     852.280        0.907000    
     853.240        0.907000    
     854.200        0.907000    
     855.160        0.907000    
     856.120        0.907000    
     857.080        0.907000    
     858.040        0.907000    
     859.000        0.907000    
     859.960        0.907000    
     860.920         1.04400    
     861.880         1.04400    
     862.840         1.04400    
     863.800         1.04400    
     864.760         1.04400    
     865.720         1.04400    
     866.680         1.04400    
     867.640         1.04400    
     868.600         1.04400    
     869.560         1.04400    
     870.520         1.33600    
     871.480         1.33600    
     872.440         1.33600    
     873.400         1.33600    
     874.360         1.33600    
     875.320         1.33600    
     876.280         1.33600    
     877.240         1.33600    
     878.200         1.33600    
     879.160         1.33600    
     880.120         1.88100    
     881.080         1.88100    
     882.040         1.88100    
     883.000         1.88100    
     883.960         1.88100    
     884.920         1.88100    
     885.880         1.88100    
     886.840         1.88100    
     887.800         1.88100    
     888.760         1.88100    
     889.720         1.88100    
     890.680         2.16900    
     891.640         2.16900    
     892.600         2.16900    
     893.560         2.16900    
     894.520         2.16900    
     895.480         2.16900    
     896.440         2.16900    
     897.400         2.16900    
     898.360         2.16900    
     899.320         2.16900    
     900.280         2.07500    
     901.240         2.07500    
     902.200         2.07500    
     903.160         2.07500    
     904.120         2.07500    
     905.080         2.07500    
     906.040         2.07500    
     907.000         2.07500    
     907.960         2.07500    
     908.920         2.07500    
     909.880         2.07500    
     910.840         1.59800    
     911.800         1.59800    
     912.760         1.59800    
     913.720         1.59800    
     914.680         1.59800    
     915.640         1.59800    
     916.600         1.59800    
     917.560         1.59800    
     918.520         1.59800    
     919.480         1.59800    
     920.440         1.21100    
     921.400         1.21100    
     922.360         1.21100    
     923.320         1.21100    
     924.280         1.21100    
     925.240         1.21100    
     926.200         1.21100    
     927.160         1.21100    
     928.120         1.21100    
     929.080         1.21100    
     930.040        0.916000    
     931.000        0.916000    
     931.960        0.916000    
     932.920        0.916000    
     933.880        0.916000    
     934.840        0.916000    
     935.800        0.916000    
     936.760        0.916000    
     937.720        0.916000    
     938.680        0.916000    
     939.640        0.916000    
     940.600        0.746000    
     941.560        0.746000    
     942.520        0.746000    
     943.480        0.746000    
     944.440        0.746000    
     945.400        0.746000    
     946.360        0.746000    
     947.320        0.746000    
     948.280        0.746000    
     949.240        0.746000    
     950.200        0.672000    
     951.160        0.672000    
     952.120        0.672000    
     953.080        0.672000    
     954.040        0.672000    
     955.000        0.672000    
     955.960        0.672000    
     956.920        0.672000    
     957.880        0.672000    
     958.840        0.672000    
     959.800        0.672000    
     960.760        0.627000    
     961.720        0.627000    
     962.680        0.627000    
     963.640        0.627000    
     964.600        0.627000    
     965.560        0.627000    
     966.520        0.627000    
     967.480        0.627000    
     968.440        0.627000    
     969.400        0.627000    
     970.360        0.615000    
     971.320        0.615000    
     972.280        0.615000    
     973.240        0.615000    
     974.200        0.615000    
     975.160        0.615000    
     976.120        0.615000    
     977.080        0.615000    
     978.040        0.615000    
     979.000        0.615000    
     979.960        0.615000    
     980.920        0.607000    
     981.880        0.607000    
     982.840        0.607000    
     983.800        0.607000    
     984.760        0.607000    
     985.720        0.607000    
     986.680        0.607000    
     987.640        0.607000    
     988.600        0.607000    
     989.560        0.607000    
     990.520        0.606000    
     991.480        0.606000    
     992.440        0.606000    
     993.400        0.606000    
     994.360        0.606000    
     995.320        0.606000    
     996.280        0.606000    
     997.240        0.606000    
     998.200        0.606000    
     999.160        0.606000    
     1000.12        0.609000    
     1001.08        0.609000    
     1002.04        0.609000    
     1003.00        0.609000    
     1003.96        0.609000    
     1004.92        0.609000    
     1005.88        0.609000    
     1006.84        0.609000    
     1007.80        0.609000    
     1008.76        0.609000    
     1009.72        0.609000    
     1010.68        0.603000    
     1011.64        0.603000    
     1012.60        0.603000    
     1013.56        0.603000    
     1014.52        0.603000    
     1015.48        0.603000    
     1016.44        0.603000    
     1017.40        0.603000    
     1018.36        0.603000    
     1019.32        0.603000    
     1020.28        0.601000    
     1021.24        0.601000    
     1022.20        0.601000    
     1023.16        0.601000    
     1024.12        0.601000    
     1025.08        0.601000    
     1026.04        0.601000    
     1027.00        0.601000    
     1027.96        0.601000    
     1028.92        0.601000    
     1029.88        0.601000    
     1030.84        0.603000    
     1031.80        0.603000    
     1032.76        0.603000    
     1033.72        0.603000    
     1034.68        0.603000    
     1035.64        0.603000    
     1036.60        0.603000    
     1037.56        0.603000    
     1038.52        0.603000    
     1039.48        0.603000    
     1040.44        0.601000    
     1041.40        0.601000    
     1042.36        0.601000    
     1043.32        0.601000    
     1044.28        0.601000    
     1045.24        0.601000    
     1046.20        0.601000    
     1047.16        0.601000    
     1048.12        0.601000    
     1049.08        0.601000    
     1050.04        0.611000    
     1051.00        0.611000    
     1051.96        0.611000    
     1052.92        0.611000    
     1053.88        0.611000    
     1054.84        0.611000    
     1055.80        0.611000    
     1056.76        0.611000    
     1057.72        0.611000    
     1058.68        0.611000    
     1059.64        0.611000    
     1060.60        0.601000    
     1061.56        0.601000    
     1062.52        0.601000    
     1063.48        0.601000    
     1064.44        0.601000    
     1065.40        0.601000    
     1066.36        0.601000    
     1067.32        0.601000    
     1068.28        0.601000    
     1069.24        0.601000    
     1070.20        0.608000    
     1071.16        0.608000    
     1072.12        0.608000    
     1073.08        0.608000    
     1074.04        0.608000    
     1075.00        0.608000    
