     0.00000         0.00000    
    0.300000E-01     0.00000    
    0.600000E-01     0.00000    
    0.900000E-01     0.00000    
    0.120000         0.00000    
    0.150000         0.00000    
    0.180000         0.00000    
    0.210000         0.00000    
    0.240000         0.00000    
    0.270000         0.00000    
    0.300000         0.00000    
    0.330000         0.00000    
    0.360000         0.00000    
    0.390000         0.00000    
    0.420000         0.00000    
    0.450000         0.00000    
    0.480000         0.00000    
    0.510000         0.00000    
    0.540000         0.00000    
    0.570000         0.00000    
    0.600000         0.00000    
    0.630000         0.00000    
    0.660000         0.00000    
    0.690000         0.00000    
    0.720000         0.00000    
    0.750000         0.00000    
    0.780000         0.00000    
    0.810000         0.00000    
    0.840000         0.00000    
    0.870000         0.00000    
    0.900000         0.00000    
    0.930000         0.00000    
    0.960000         0.00000    
    0.990000         0.00000    
     1.02000         10.0000    
     1.05000         10.0000    
     1.08000         10.0000    
     1.11000         10.0000    
     1.14000         10.0000    
     1.17000         10.0000    
     1.20000         10.0000    
     1.23000         10.0000    
     1.26000         10.0000    
     1.29000         10.0000    
     1.32000         10.0000    
     1.35000         10.0000    
     1.38000         10.0000    
     1.41000         10.0000    
     1.44000         10.0000    
     1.47000         10.0000    
     1.50000         10.0000    
     1.53000         10.0000    
     1.56000         10.0000    
     1.59000         10.0000    
     1.62000         10.0000    
     1.65000         10.0000    
     1.68000         10.0000    
     1.71000         10.0000    
     1.74000         10.0000    
     1.77000         10.0000    
     1.80000         10.0000    
     1.83000         10.0000    
     1.86000         10.0000    
     1.89000         10.0000    
     1.92000         10.0000    
     1.95000         10.0000    
     1.98000         10.0000    
     2.01000         10.0000    
     2.04000         10.0000    
     2.07000         10.0000    
     2.10000         10.0000    
     2.13000         10.0000    
     2.16000         10.0000    
     2.19000         10.0000    
     2.22000         10.0000    
     2.25000         10.0000    
     2.28000         10.0000    
     2.31000         10.0000    
     2.34000         10.0000    
     2.37000         10.0000    
     2.40000         10.0000    
     2.43000         10.0000    
     2.46000         10.0000    
     2.49000         10.0000    
     2.52000         10.0000    
     2.55000         10.0000    
     2.58000         10.0000    
     2.61000         10.0000    
     2.64000         10.0000    
     2.67000         10.0000    
     2.70000         10.0000    
     2.73000         10.0000    
     2.76000         10.0000    
     2.79000         10.0000    
     2.82000         10.0000    
     2.85000         10.0000    
     2.88000         10.0000    
     2.91000         10.0000    
     2.94000         10.0000    
     2.97000         10.0000    
     3.00000         10.0000    
     3.03000         10.0000    
     3.06000         10.0000    
     3.09000         10.0000    
     3.12000         10.0000    
     3.15000         10.0000    
     3.18000         10.0000    
     3.21000         10.0000    
     3.24000         10.0000    
     3.27000         10.0000    
     3.30000         10.0000    
     3.33000         10.0000    
     3.36000         10.0000    
     3.39000         10.0000    
     3.42000         10.0000    
     3.45000         10.0000    
     3.48000         10.0000    
     3.51000         10.0000    
     3.54000         10.0000    
     3.57000         10.0000    
     3.60000         10.0000    
     3.63000         10.0000    
     3.66000         10.0000    
     3.69000         10.0000    
     3.72000         10.0000    
     3.75000         10.0000    
     3.78000         10.0000    
     3.81000         10.0000    
     3.84000         10.0000    
     3.87000         10.0000    
     3.90000         10.0000    
     3.93000         10.0000    
     3.96000         10.0000    
     3.99000         10.0000    
     4.02000         10.0000    
     4.05000         10.0000    
     4.08000         10.0000    
     4.11000         10.0000    
     4.14000         10.0000    
     4.17000         10.0000    
     4.20000         10.0000    
     4.23000         10.0000    
     4.26000         10.0000    
     4.29000         10.0000    
     4.32000         10.0000    
     4.35000         10.0000    
     4.38000         10.0000    
     4.41000         10.0000    
     4.44000         10.0000    
     4.47000         10.0000    
     4.50000         10.0000    
     4.53000         10.0000    
     4.56000         10.0000    
     4.59000         10.0000    
     4.62000         10.0000    
     4.65000         10.0000    
     4.68000         10.0000    
     4.71000         10.0000    
     4.74000         10.0000    
     4.77000         10.0000    
     4.80000         10.0000    
     4.83000         10.0000    
     4.86000         10.0000    
     4.89000         10.0000    
     4.92000         10.0000    
     4.95000         10.0000    
     4.98000         10.0000    
     5.01000         10.0000    
     5.04000         10.0000    
     5.07000         10.0000    
     5.10000         10.0000    
     5.13000         10.0000    
     5.16000         10.0000    
     5.19000         10.0000    
     5.22000         10.0000    
     5.25000         10.0000    
     5.28000         10.0000    
     5.31000         10.0000    
     5.34000         10.0000    
     5.37000         10.0000    
     5.40000         10.0000    
     5.43000         10.0000    
     5.46000         10.0000    
     5.49000         10.0000    
     5.52000         10.0000    
     5.55000         10.0000    
     5.58000         10.0000    
     5.61000         10.0000    
     5.64000         10.0000    
     5.67000         10.0000    
     5.70000         10.0000    
     5.73000         10.0000    
     5.76000         10.0000    
     5.79000         10.0000    
     5.82000         10.0000    
     5.85000         10.0000    
     5.88000         10.0000    
     5.91000         10.0000    
     5.94000         10.0000    
     5.97000         10.0000    
     6.00000         10.0000    
     6.03000         10.0000    
     6.06000         10.0000    
     6.09000         10.0000    
     6.12000         10.0000    
     6.15000         10.0000    
     6.18000         10.0000    
     6.21000         10.0000    
     6.24000         10.0000    
     6.27000         10.0000    
     6.30000         10.0000    
     6.33000         10.0000    
     6.36000         10.0000    
     6.39000         10.0000    
     6.42000         10.0000    
     6.45000         10.0000    
     6.48000         10.0000    
     6.51000         10.0000    
     6.54000         10.0000    
     6.57000         10.0000    
     6.60000         10.0000    
     6.63000         10.0000    
     6.66000         10.0000    
     6.69000         10.0000    
     6.72000         10.0000    
     6.75000         10.0000    
     6.78000         10.0000    
     6.81000         10.0000    
     6.84000         10.0000    
     6.87000         10.0000    
     6.90000         10.0000    
     6.93000         10.0000    
     6.96000         10.0000    
     6.99000         10.0000    
     7.02000         10.0000    
     7.05000         10.0000    
     7.08000         10.0000    
     7.11000         10.0000    
     7.14000         10.0000    
     7.17000         10.0000    
     7.20000         10.0000    
     7.23000         10.0000    
     7.26000         10.0000    
     7.29000         10.0000    
     7.32000         10.0000    
     7.35000         10.0000    
     7.38000         10.0000    
     7.41000         10.0000    
     7.44000         10.0000    
     7.47000         10.0000    
     7.50000         10.0000    
     7.53000         10.0000    
     7.56000         10.0000    
     7.59000         10.0000    
     7.62000         10.0000    
     7.65000         10.0000    
     7.68000         10.0000    
     7.71000         10.0000    
     7.74000         10.0000    
     7.77000         10.0000    
     7.80000         10.0000    
     7.83000         10.0000    
     7.86000         10.0000    
     7.89000         10.0000    
     7.92000         10.0000    
     7.95000         10.0000    
     7.98000         10.0000    
     8.01000         10.0000    
     8.04000         10.0000    
     8.07000         10.0000    
     8.10000         10.0000    
     8.13000         10.0000    
     8.16000         10.0000    
     8.19000         10.0000    
     8.22000         10.0000    
     8.25000         10.0000    
     8.28000         10.0000    
     8.31000         10.0000    
     8.34000         10.0000    
     8.37000         10.0000    
     8.40000         10.0000    
     8.43000         10.0000    
     8.46000         10.0000    
     8.49000         10.0000    
     8.52000         10.5000    
     8.55000         10.5000    
     8.58000         10.5000    
     8.61000         10.5000    
     8.64000         10.5000    
     8.67000         10.5000    
     8.70000         10.5000    
     8.73000         10.5000    
     8.76000         10.5000    
     8.79000         10.5000    
     8.82000         10.5000    
     8.85000         10.5000    
     8.88000         10.5000    
     8.91000         10.5000    
     8.94000         10.5000    
     8.97000         10.5000    
     9.00000         10.5000    
     9.03000         10.5000    
     9.06000         10.5000    
     9.09000         10.5000    
     9.12000         10.5000    
     9.15000         10.5000    
     9.18000         10.5000    
     9.21000         10.5000    
     9.24000         10.5000    
     9.27000         10.5000    
     9.30000         10.5000    
     9.33000         10.5000    
     9.36000         10.5000    
     9.39000         10.5000    
     9.42000         10.5000    
     9.45000         10.5000    
     9.48000         10.5000    
     9.51000         10.5000    
     9.54000         10.5000    
     9.57000         10.5000    
     9.60000         10.5000    
     9.63000         10.5000    
     9.66000         10.5000    
     9.69000         10.5000    
     9.72000         10.5000    
     9.75000         10.5000    
     9.78000         10.5000    
     9.81000         10.5000    
     9.84000         10.5000    
     9.87000         10.5000    
     9.90000         10.5000    
     9.93000         10.5000    
     9.96000         10.5000    
     9.99000         10.5000    
     10.0200         15.0000    
     10.0500         15.0000    
     10.0800         15.0000    
     10.1100         15.0000    
     10.1400         15.0000    
     10.1700         15.0000    
     10.2000         15.0000    
     10.2300         15.0000    
     10.2600         15.0000    
     10.2900         15.0000    
     10.3200         15.0000    
     10.3500         15.0000    
     10.3800         15.0000    
     10.4100         15.0000    
     10.4400         15.0000    
     10.4700         15.0000    
     10.5000         15.0000    
     10.5300         15.0000    
     10.5600         15.0000    
     10.5900         15.0000    
     10.6200         15.0000    
     10.6500         15.0000    
     10.6800         15.0000    
     10.7100         15.0000    
     10.7400         15.0000    
     10.7700         15.0000    
     10.8000         15.0000    
     10.8300         15.0000    
     10.8600         15.0000    
     10.8900         15.0000    
     10.9200         15.0000    
     10.9500         15.0000    
     10.9800         15.0000    
     11.0100         15.0000    
     11.0400         15.0000    
     11.0700         15.0000    
     11.1000         15.0000    
     11.1300         15.0000    
     11.1600         15.0000    
     11.1900         15.0000    
     11.2200         15.0000    
     11.2500         15.0000    
     11.2800         15.0000    
     11.3100         15.0000    
     11.3400         15.0000    
     11.3700         15.0000    
     11.4000         15.0000    
     11.4300         15.0000    
     11.4600         15.0000    
     11.4900         15.0000    
     11.5200         50.0000    
     11.5500         50.0000    
     11.5800         50.0000    
     11.6100         50.0000    
     11.6400         50.0000    
     11.6700         50.0000    
     11.7000         50.0000    
     11.7300         50.0000    
     11.7600         50.0000    
     11.7900         50.0000    
     11.8200         50.0000    
     11.8500         50.0000    
     11.8800         50.0000    
     11.9100         50.0000    
     11.9400         50.0000    
     11.9700         50.0000    
     12.0000         50.0000    
     12.0300         50.0000    
     12.0600         50.0000    
     12.0900         50.0000    
     12.1200         50.0000    
     12.1500         50.0000    
     12.1800         50.0000    
     12.2100         50.0000    
     12.2400         50.0000    
     12.2700         50.0000    
     12.3000         50.0000    
     12.3300         50.0000    
     12.3600         50.0000    
     12.3900         50.0000    
     12.4200         50.0000    
     12.4500         50.0000    
     12.4800         50.0000    
     12.5100         50.0000    
     12.5400         50.0000    
     12.5700         50.0000    
     12.6000         50.0000    
     12.6300         50.0000    
     12.6600         50.0000    
     12.6900         50.0000    
     12.7200         50.0000    
     12.7500         50.0000    
     12.7800         50.0000    
     12.8100         50.0000    
     12.8400         50.0000    
     12.8700         50.0000    
     12.9000         50.0000    
     12.9300         50.0000    
     12.9600         50.0000    
     12.9900         50.0000    
     13.0200         60.0000    
     13.0500         60.0000    
     13.0800         60.0000    
     13.1100         60.0000    
     13.1400         60.0000    
     13.1700         60.0000    
     13.2000         60.0000    
     13.2300         60.0000    
     13.2600         60.0000    
     13.2900         60.0000    
     13.3200         60.0000    
     13.3500         60.0000    
     13.3800         60.0000    
     13.4100         60.0000    
     13.4400         60.0000    
     13.4700         60.0000    
     13.5000         60.0000    
     13.5300         60.0000    
     13.5600         60.0000    
     13.5900         60.0000    
     13.6200         60.0000    
     13.6500         60.0000    
     13.6800         60.0000    
     13.7100         60.0000    
     13.7400         60.0000    
     13.7700         60.0000    
     13.8000         60.0000    
     13.8300         60.0000    
     13.8600         60.0000    
     13.8900         60.0000    
     13.9200         60.0000    
     13.9500         60.0000    
     13.9800         60.0000    
     14.0100         60.0000    
     14.0400         60.0000    
     14.0700         60.0000    
     14.1000         60.0000    
     14.1300         60.0000    
     14.1600         60.0000    
     14.1900         60.0000    
     14.2200         60.0000    
     14.2500         60.0000    
     14.2800         60.0000    
     14.3100         60.0000    
     14.3400         60.0000    
     14.3700         60.0000    
     14.4000         60.0000    
     14.4300         60.0000    
     14.4600         60.0000    
     14.4900         60.0000    
     14.5200         85.0000    
     14.5500         85.0000    
     14.5800         85.0000    
     14.6100         85.0000    
     14.6400         85.0000    
     14.6700         85.0000    
     14.7000         85.0000    
     14.7300         85.0000    
     14.7600         85.0000    
     14.7900         85.0000    
     14.8200         85.0000    
     14.8500         85.0000    
     14.8800         85.0000    
     14.9100         85.0000    
     14.9400         85.0000    
     14.9700         85.0000    
     15.0000         85.0000    
