     0.00000         4.00000    
    0.360000E-01     4.00000    
    0.720000E-01     4.00000    
    0.108000         4.00000    
    0.144000         4.00000    
    0.180000         4.00000    
    0.216000         4.00000    
    0.252000         4.00000    
    0.288000         4.00000    
    0.324000         4.00000    
    0.360000         4.00000    
    0.396000         4.00000    
    0.432000         4.00000    
    0.468000         4.00000    
    0.504000         5.00000    
    0.540000         5.00000    
    0.576000         5.00000    
    0.612000         5.00000    
    0.648000         5.00000    
    0.684000         5.00000    
    0.720000         5.00000    
    0.756000         5.00000    
    0.792000         5.00000    
    0.828000         5.00000    
    0.864000         5.00000    
    0.900000         5.00000    
    0.936000         5.00000    
    0.972000         5.00000    
     1.00800         5.00000    
     1.04400         5.00000    
     1.08000         5.00000    
     1.11600         5.00000    
     1.15200         5.00000    
     1.18800         5.00000    
     1.22400         5.00000    
     1.26000         5.00000    
     1.29600         5.00000    
     1.33200         5.00000    
     1.36800         5.00000    
     1.40400         5.00000    
     1.44000         5.00000    
     1.47600         5.00000    
     1.51200         6.00000    
     1.54800         6.00000    
     1.58400         6.00000    
     1.62000         6.00000    
     1.65600         6.00000    
     1.69200         6.00000    
     1.72800         6.00000    
     1.76400         6.00000    
     1.80000         6.00000    
     1.83600         6.00000    
     1.87200         6.00000    
     1.90800         6.00000    
     1.94400         6.00000    
     1.98000         6.00000    
     2.01600         6.00000    
     2.05200         6.00000    
     2.08800         6.00000    
     2.12400         6.00000    
     2.16000         6.00000    
     2.19600         6.00000    
     2.23200         6.00000    
     2.26800         6.00000    
     2.30400         6.00000    
     2.34000         6.00000    
     2.37600         6.00000    
     2.41200         6.00000    
     2.44800         6.00000    
     2.48400         6.00000    
     2.52000         6.00000    
     2.55600         6.00000    
     2.59200         6.00000    
     2.62800         6.00000    
     2.66400         6.00000    
     2.70000         6.00000    
     2.73600         6.00000    
     2.77200         6.00000    
     2.80800         6.00000    
     2.84400         6.00000    
     2.88000         6.00000    
     2.91600         6.00000    
     2.95200         6.00000    
     2.98800         6.00000    
     3.02400         6.00000    
     3.06000         6.00000    
     3.09600         6.00000    
     3.13200         6.00000    
     3.16800         6.00000    
     3.20400         6.00000    
     3.24000         6.00000    
     3.27600         6.00000    
     3.31200         6.00000    
     3.34800         6.00000    
     3.38400         6.00000    
     3.42000         6.00000    
     3.45600         6.00000    
     3.49200         6.00000    
     3.52800         6.00000    
     3.56400         6.00000    
     3.60000         6.00000    
     3.63600         6.00000    
     3.67200         6.00000    
     3.70800         6.00000    
     3.74400         6.00000    
     3.78000         6.00000    
     3.81600         6.00000    
     3.85200         6.00000    
     3.88800         6.00000    
     3.92400         6.00000    
     3.96000         6.00000    
     3.99600         6.00000    
     4.03200         6.00000    
     4.06800         6.00000    
     4.10400         6.00000    
     4.14000         6.00000    
     4.17600         6.00000    
     4.21200         6.00000    
     4.24800         6.00000    
     4.28400         6.00000    
     4.32000         6.00000    
     4.35600         6.00000    
     4.39200         6.00000    
     4.42800         6.00000    
     4.46400         6.00000    
     4.50000         6.00000    
     4.53600         5.00000    
     4.57200         5.00000    
     4.60800         5.00000    
     4.64400         5.00000    
     4.68000         5.00000    
     4.71600         5.00000    
     4.75200         5.00000    
     4.78800         5.00000    
     4.82400         5.00000    
     4.86000         5.00000    
     4.89600         5.00000    
     4.93200         5.00000    
     4.96800         5.00000    
     5.00400         5.00000    
     5.04000         5.00000    
     5.07600         5.00000    
     5.11200         5.00000    
     5.14800         5.00000    
     5.18400         5.00000    
     5.22000         5.00000    
     5.25600         5.00000    
     5.29200         5.00000    
     5.32800         5.00000    
     5.36400         5.00000    
     5.40000         5.00000    
     5.43600         5.00000    
     5.47200         5.00000    
     5.50800         3.00000    
     5.54400         3.00000    
     5.58000         3.00000    
     5.61600         3.00000    
     5.65200         3.00000    
     5.68800         3.00000    
     5.72400         3.00000    
     5.76000         3.00000    
     5.79600         3.00000    
     5.83200         3.00000    
     5.86800         3.00000    
     5.90400         3.00000    
     5.94000         3.00000    
     5.97600         3.00000    
     6.01200         3.00000    
     6.04800         3.00000    
     6.08400         3.00000    
     6.12000         3.00000    
     6.15600         3.00000    
     6.19200         3.00000    
     6.22800         3.00000    
     6.26400         3.00000    
     6.30000         3.00000    
     6.33600         3.00000    
     6.37200         3.00000    
     6.40800         3.00000    
     6.44400         3.00000    
     6.48000         3.00000    
     6.51600         1.00000    
     6.55200         1.00000    
     6.58800         1.00000    
     6.62400         1.00000    
     6.66000         1.00000    
     6.69600         1.00000    
     6.73200         1.00000    
     6.76800         1.00000    
     6.80400         1.00000    
     6.84000         1.00000    
     6.87600         1.00000    
     6.91200         1.00000    
     6.94800         1.00000    
     6.98400         1.00000    
     7.02000         1.00000    
     7.05600         1.00000    
     7.09200         1.00000    
     7.12800         1.00000    
     7.16400         1.00000    
     7.20000         1.00000    
     7.23600         1.00000    
     7.27200         1.00000    
     7.30800         1.00000    
     7.34400         1.00000    
     7.38000         1.00000    
     7.41600         1.00000    
     7.45200         1.00000    
     7.48800         1.00000    
     7.52400         1.00000    
     7.56000         1.00000    
     7.59600         1.00000    
     7.63200         1.00000    
     7.66800         1.00000    
     7.70400         1.00000    
     7.74000         1.00000    
     7.77600         1.00000    
     7.81200         1.00000    
     7.84800         1.00000    
     7.88400         1.00000    
     7.92000         1.00000    
     7.95600         1.00000    
     7.99200         1.00000    
     8.02800         1.00000    
     8.06400         1.00000    
     8.10000         1.00000    
     8.13600         1.00000    
     8.17200         1.00000    
     8.20800         1.00000    
     8.24400         1.00000    
     8.28000         1.00000    
     8.31600         1.00000    
     8.35200         1.00000    
     8.38800         1.00000    
     8.42400         1.00000    
     8.46000         1.00000    
     8.49600         1.00000    
     8.53200         1.00000    
     8.56800         1.00000    
     8.60400         1.00000    
     8.64000         1.00000    
     8.67600         1.00000    
     8.71200         1.00000    
     8.74800         1.00000    
     8.78400         1.00000    
     8.82000         1.00000    
     8.85600         1.00000    
     8.89200         1.00000    
     8.92800         1.00000    
     8.96400         1.00000    
     9.00000         1.00000    
     9.03600         1.00000    
     9.07200         1.00000    
     9.10800         1.00000    
     9.14400         1.00000    
     9.18000         1.00000    
     9.21600         1.00000    
     9.25200         1.00000    
     9.28800         1.00000    
     9.32400         1.00000    
     9.36000         1.00000    
     9.39600         1.00000    
     9.43200         1.00000    
     9.46800         1.00000    
     9.50400         3.00000    
     9.54000         3.00000    
     9.57600         3.00000    
     9.61200         3.00000    
     9.64800         3.00000    
     9.68400         3.00000    
     9.72000         3.00000    
     9.75600         3.00000    
     9.79200         3.00000    
     9.82800         3.00000    
     9.86400         3.00000    
     9.90000         3.00000    
     9.93600         3.00000    
     9.97200         3.00000    
     10.0080         3.00000    
     10.0440         3.00000    
     10.0800         3.00000    
     10.1160         3.00000    
     10.1520         3.00000    
     10.1880         3.00000    
     10.2240         3.00000    
     10.2600         3.00000    
     10.2960         3.00000    
     10.3320         3.00000    
     10.3680         3.00000    
     10.4040         3.00000    
     10.4400         3.00000    
     10.4760         3.00000    
     10.5120         4.00000    
     10.5480         4.00000    
     10.5840         4.00000    
     10.6200         4.00000    
     10.6560         4.00000    
     10.6920         4.00000    
     10.7280         4.00000    
     10.7640         4.00000    
     10.8000         4.00000    
     10.8360         4.00000    
     10.8720         4.00000    
     10.9080         4.00000    
     10.9440         4.00000    
     10.9800         4.00000    
     11.0160         4.00000    
     11.0520         4.00000    
     11.0880         4.00000    
     11.1240         4.00000    
     11.1600         4.00000    
     11.1960         4.00000    
     11.2320         4.00000    
     11.2680         4.00000    
     11.3040         4.00000    
     11.3400         4.00000    
     11.3760         4.00000    
     11.4120         4.00000    
     11.4480         4.00000    
     11.4840         4.00000    
     11.5200         4.00000    
     11.5560         4.00000    
     11.5920         4.00000    
     11.6280         4.00000    
     11.6640         4.00000    
     11.7000         4.00000    
     11.7360         4.00000    
     11.7720         4.00000    
     11.8080         4.00000    
     11.8440         4.00000    
     11.8800         4.00000    
     11.9160         4.00000    
     11.9520         4.00000    
     11.9880         4.00000    
     12.0240         4.00000    
     12.0600         4.00000    
     12.0960         4.00000    
     12.1320         4.00000    
     12.1680         4.00000    
     12.2040         4.00000    
     12.2400         4.00000    
     12.2760         4.00000    
     12.3120         4.00000    
     12.3480         4.00000    
     12.3840         4.00000    
     12.4200         4.00000    
     12.4560         4.00000    
     12.4920         4.00000    
     12.5280         3.00000    
     12.5640         3.00000    
     12.6000         3.00000    
     12.6360         3.00000    
     12.6720         3.00000    
     12.7080         3.00000    
     12.7440         3.00000    
     12.7800         3.00000    
     12.8160         3.00000    
     12.8520         3.00000    
     12.8880         3.00000    
     12.9240         3.00000    
     12.9600         3.00000    
     12.9960         3.00000    
     13.0320         3.00000    
     13.0680         3.00000    
     13.1040         3.00000    
     13.1400         3.00000    
     13.1760         3.00000    
     13.2120         3.00000    
     13.2480         3.00000    
     13.2840         3.00000    
     13.3200         3.00000    
     13.3560         3.00000    
     13.3920         3.00000    
     13.4280         3.00000    
     13.4640         3.00000    
     13.5000         3.00000    
     13.5360         3.00000    
     13.5720         3.00000    
     13.6080         3.00000    
     13.6440         3.00000    
     13.6800         3.00000    
     13.7160         3.00000    
     13.7520         3.00000    
     13.7880         3.00000    
     13.8240         3.00000    
     13.8600         3.00000    
     13.8960         3.00000    
     13.9320         3.00000    
     13.9680         3.00000    
     14.0040         3.00000    
     14.0400         3.00000    
     14.0760         3.00000    
     14.1120         3.00000    
     14.1480         3.00000    
     14.1840         3.00000    
     14.2200         3.00000    
     14.2560         3.00000    
     14.2920         3.00000    
     14.3280         3.00000    
     14.3640         3.00000    
     14.4000         3.00000    
     14.4360         3.00000    
     14.4720         3.00000    
     14.5080         4.00000    
     14.5440         4.00000    
     14.5800         4.00000    
     14.6160         4.00000    
     14.6520         4.00000    
     14.6880         4.00000    
     14.7240         4.00000    
     14.7600         4.00000    
     14.7960         4.00000    
     14.8320         4.00000    
     14.8680         4.00000    
     14.9040         4.00000    
     14.9400         4.00000    
     14.9760         4.00000    
     15.0120         4.00000    
     15.0480         4.00000    
     15.0840         4.00000    
     15.1200         4.00000    
     15.1560         4.00000    
     15.1920         4.00000    
     15.2280         4.00000    
     15.2640         4.00000    
     15.3000         4.00000    
     15.3360         4.00000    
     15.3720         4.00000    
     15.4080         4.00000    
     15.4440         4.00000    
     15.4800         4.00000    
     15.5160         4.00000    
     15.5520         4.00000    
     15.5880         4.00000    
     15.6240         4.00000    
     15.6600         4.00000    
     15.6960         4.00000    
     15.7320         4.00000    
     15.7680         4.00000    
     15.8040         4.00000    
     15.8400         4.00000    
     15.8760         4.00000    
     15.9120         4.00000    
     15.9480         4.00000    
     15.9840         4.00000    
     16.0200         4.00000    
     16.0560         4.00000    
     16.0920         4.00000    
     16.1280         4.00000    
     16.1640         4.00000    
     16.2000         4.00000    
     16.2360         4.00000    
     16.2720         4.00000    
     16.3080         4.00000    
     16.3440         4.00000    
     16.3800         4.00000    
     16.4160         4.00000    
     16.4520         4.00000    
     16.4880         4.00000    
     16.5240         3.00000    
     16.5600         3.00000    
     16.5960         3.00000    
     16.6320         3.00000    
     16.6680         3.00000    
     16.7040         3.00000    
     16.7400         3.00000    
     16.7760         3.00000    
     16.8120         3.00000    
     16.8480         3.00000    
     16.8840         3.00000    
     16.9200         3.00000    
     16.9560         3.00000    
     16.9920         3.00000    
     17.0280         3.00000    
     17.0640         3.00000    
     17.1000         3.00000    
     17.1360         3.00000    
     17.1720         3.00000    
     17.2080         3.00000    
     17.2440         3.00000    
     17.2800         3.00000    
     17.3160         3.00000    
     17.3520         3.00000    
     17.3880         3.00000    
     17.4240         3.00000    
     17.4600         3.00000    
     17.4960         3.00000    
     17.5320         0.00000    
     17.5680         0.00000    
     17.6040         0.00000    
     17.6400         0.00000    
     17.6760         0.00000    
     17.7120         0.00000    
     17.7480         0.00000    
     17.7840         0.00000    
     17.8200         0.00000    
     17.8560         0.00000    
     17.8920         0.00000    
     17.9280         0.00000    
     17.9640         0.00000    
     18.0000         0.00000    
