DREAM.F90:Parameters_and_log_likelihood_for_chain_#06
       1      -1.7652224E+02      -4.1608332E+00  -7.1981812E+00  -1.1837514E+00  -3.8234499E-01   4.3054995E+00  -8.4217245E+00   4.9321243E+00   6.9976570E-01   3.5156475E+00  -6.9487468E+00
       2      -1.7652224E+02      -4.1608332E+00  -7.1981812E+00  -1.1837514E+00  -3.8234499E-01   4.3054995E+00  -8.4217245E+00   4.9321243E+00   6.9976570E-01   3.5156475E+00  -6.9487468E+00
       3      -1.7652224E+02      -4.1608332E+00  -7.1981812E+00  -1.1837514E+00  -3.8234499E-01   4.3054995E+00  -8.4217245E+00   4.9321243E+00   6.9976570E-01   3.5156475E+00  -6.9487468E+00
       4      -1.7652224E+02      -4.1608332E+00  -7.1981812E+00  -1.1837514E+00  -3.8234499E-01   4.3054995E+00  -8.4217245E+00   4.9321243E+00   6.9976570E-01   3.5156475E+00  -6.9487468E+00
       5      -1.7652224E+02      -4.1608332E+00  -7.1981812E+00  -1.1837514E+00  -3.8234499E-01   4.3054995E+00  -8.4217245E+00   4.9321243E+00   6.9976570E-01   3.5156475E+00  -6.9487468E+00
       6      -1.7652224E+02      -4.1608332E+00  -7.1981812E+00  -1.1837514E+00  -3.8234499E-01   4.3054995E+00  -8.4217245E+00   4.9321243E+00   6.9976570E-01   3.5156475E+00  -6.9487468E+00
       7      -6.7846855E+01      -4.1608332E+00  -7.1981812E+00  -4.6681267E+00  -6.3957391E+00  -2.5300028E+00  -8.4217245E+00   4.9321243E+00  -4.6320985E+00  -3.6445819E+00  -6.9487468E+00
       8      -6.7846855E+01      -4.1608332E+00  -7.1981812E+00  -4.6681267E+00  -6.3957391E+00  -2.5300028E+00  -8.4217245E+00   4.9321243E+00  -4.6320985E+00  -3.6445819E+00  -6.9487468E+00
       9      -6.7846855E+01      -4.1608332E+00  -7.1981812E+00  -4.6681267E+00  -6.3957391E+00  -2.5300028E+00  -8.4217245E+00   4.9321243E+00  -4.6320985E+00  -3.6445819E+00  -6.9487468E+00
      10      -6.7846855E+01      -4.1608332E+00  -7.1981812E+00  -4.6681267E+00  -6.3957391E+00  -2.5300028E+00  -8.4217245E+00   4.9321243E+00  -4.6320985E+00  -3.6445819E+00  -6.9487468E+00
