DREAM.F90:Parameters_and_log_likelihood_for_chain_#02
       1      -2.3035831E+02       7.9035306E+00  -3.2680113E+00  -4.2995403E+00   6.7619325E-02   5.4706146E+00  -9.5768623E+00  -9.2597380E+00  -4.1880586E+00  -8.2784506E+00   4.9517365E+00
       2      -2.3035831E+02       7.9035306E+00  -3.2680113E+00  -4.2995403E+00   6.7619325E-02   5.4706146E+00  -9.5768623E+00  -9.2597380E+00  -4.1880586E+00  -8.2784506E+00   4.9517365E+00
       3      -8.2566689E+01      -9.5036014E+00  -3.2680113E+00  -4.2995403E+00   2.5264106E+00  -7.1462547E-01  -9.5768623E+00  -7.3607036E+00  -4.1880586E+00  -8.2784506E+00  -9.7484921E+00
       4      -8.2566689E+01      -9.5036014E+00  -3.2680113E+00  -4.2995403E+00   2.5264106E+00  -7.1462547E-01  -9.5768623E+00  -7.3607036E+00  -4.1880586E+00  -8.2784506E+00  -9.7484921E+00
       5      -8.2566689E+01      -9.5036014E+00  -3.2680113E+00  -4.2995403E+00   2.5264106E+00  -7.1462547E-01  -9.5768623E+00  -7.3607036E+00  -4.1880586E+00  -8.2784506E+00  -9.7484921E+00
       6      -8.2566689E+01      -9.5036014E+00  -3.2680113E+00  -4.2995403E+00   2.5264106E+00  -7.1462547E-01  -9.5768623E+00  -7.3607036E+00  -4.1880586E+00  -8.2784506E+00  -9.7484921E+00
       7      -8.2566689E+01      -9.5036014E+00  -3.2680113E+00  -4.2995403E+00   2.5264106E+00  -7.1462547E-01  -9.5768623E+00  -7.3607036E+00  -4.1880586E+00  -8.2784506E+00  -9.7484921E+00
       8      -8.2566689E+01      -9.5036014E+00  -3.2680113E+00  -4.2995403E+00   2.5264106E+00  -7.1462547E-01  -9.5768623E+00  -7.3607036E+00  -4.1880586E+00  -8.2784506E+00  -9.7484921E+00
       9      -8.2566689E+01      -9.5036014E+00  -3.2680113E+00  -4.2995403E+00   2.5264106E+00  -7.1462547E-01  -9.5768623E+00  -7.3607036E+00  -4.1880586E+00  -8.2784506E+00  -9.7484921E+00
      10      -8.2566689E+01      -9.5036014E+00  -3.2680113E+00  -4.2995403E+00   2.5264106E+00  -7.1462547E-01  -9.5768623E+00  -7.3607036E+00  -4.1880586E+00  -8.2784506E+00  -9.7484921E+00
