DREAM.F90:Parameters_and_log_likelihood_for_chain_#10
       1      -2.8235650E+02      -7.2325560E+00  -8.7498208E+00  -7.3706385E+00   6.6893504E+00  -6.1232853E+00  -7.1983779E+00  -8.4664392E-01   7.0514362E+00   8.6084912E+00   1.6151775E+00
       2      -2.3326593E+02       7.9525324E+00  -3.4455235E+00   8.4603594E+00   3.3604423E+00  -4.2144567E+00  -5.8190589E+00  -6.6017153E-02   5.7414055E+00  -6.7959873E+00   4.8556372E+00
       3      -1.9178382E+02       5.6610814E+00  -6.8526119E+00   5.6474484E+00  -1.2410749E+00   7.4901568E+00   2.5068221E+00  -5.0747228E+00  -3.7406801E+00   7.8634389E+00   4.4768529E+00
       4      -1.9178382E+02       5.6610814E+00  -6.8526119E+00   5.6474484E+00  -1.2410749E+00   7.4901568E+00   2.5068221E+00  -5.0747228E+00  -3.7406801E+00   7.8634389E+00   4.4768529E+00
       5      -1.2676374E+02       5.6610814E+00  -3.6307187E+00   7.2240671E-01  -1.2410749E+00   7.4901568E+00   2.5068221E+00   9.4245195E+00  -3.7406801E+00   7.8634389E+00   4.4768529E+00
       6      -1.2483152E+02      -5.4910403E+00   7.2180345E-01  -6.2217731E+00  -4.3676558E+00  -8.1867141E+00   2.5068221E+00  -7.5219013E+00  -4.3595201E+00   1.7697012E+00   4.4768529E+00
       7      -1.2483152E+02      -5.4910403E+00   7.2180345E-01  -6.2217731E+00  -4.3676558E+00  -8.1867141E+00   2.5068221E+00  -7.5219013E+00  -4.3595201E+00   1.7697012E+00   4.4768529E+00
       8      -1.2483152E+02      -5.4910403E+00   7.2180345E-01  -6.2217731E+00  -4.3676558E+00  -8.1867141E+00   2.5068221E+00  -7.5219013E+00  -4.3595201E+00   1.7697012E+00   4.4768529E+00
       9      -1.2483152E+02      -5.4910403E+00   7.2180345E-01  -6.2217731E+00  -4.3676558E+00  -8.1867141E+00   2.5068221E+00  -7.5219013E+00  -4.3595201E+00   1.7697012E+00   4.4768529E+00
      10      -1.2483152E+02      -5.4910403E+00   7.2180345E-01  -6.2217731E+00  -4.3676558E+00  -8.1867141E+00   2.5068221E+00  -7.5219013E+00  -4.3595201E+00   1.7697012E+00   4.4768529E+00
