DREAM.F90:Parameters_and_log_likelihood_for_chain_#03
       1      -2.2831515E+02      -2.8110825E+00  -5.8374393E+00  -8.4046742E+00  -7.0413606E+00   4.1631067E+00  -2.0910742E+00   5.2883996E+00   2.9188122E+00  -5.3877493E-01   7.1909821E+00
       2      -2.0554267E+02      -4.9261356E+00   9.7347237E+00  -8.4046742E+00   9.1896673E+00   6.9354366E+00  -2.0910742E+00   5.2883996E+00   2.3917002E+00   2.3573522E-01   7.1909821E+00
       3      -1.2903237E+02       3.2354342E+00   7.9833906E+00  -8.4046742E+00   9.1896673E+00   6.9354366E+00   7.1749808E+00   6.2437171E+00   2.3917002E+00   2.3573522E-01   7.1909821E+00
       4      -1.2903237E+02       3.2354342E+00   7.9833906E+00  -8.4046742E+00   9.1896673E+00   6.9354366E+00   7.1749808E+00   6.2437171E+00   2.3917002E+00   2.3573522E-01   7.1909821E+00
       5      -1.2903237E+02       3.2354342E+00   7.9833906E+00  -8.4046742E+00   9.1896673E+00   6.9354366E+00   7.1749808E+00   6.2437171E+00   2.3917002E+00   2.3573522E-01   7.1909821E+00
       6      -1.2903237E+02       3.2354342E+00   7.9833906E+00  -8.4046742E+00   9.1896673E+00   6.9354366E+00   7.1749808E+00   6.2437171E+00   2.3917002E+00   2.3573522E-01   7.1909821E+00
       7      -1.2903237E+02       3.2354342E+00   7.9833906E+00  -8.4046742E+00   9.1896673E+00   6.9354366E+00   7.1749808E+00   6.2437171E+00   2.3917002E+00   2.3573522E-01   7.1909821E+00
       8      -1.2903237E+02       3.2354342E+00   7.9833906E+00  -8.4046742E+00   9.1896673E+00   6.9354366E+00   7.1749808E+00   6.2437171E+00   2.3917002E+00   2.3573522E-01   7.1909821E+00
       9      -1.2903237E+02       3.2354342E+00   7.9833906E+00  -8.4046742E+00   9.1896673E+00   6.9354366E+00   7.1749808E+00   6.2437171E+00   2.3917002E+00   2.3573522E-01   7.1909821E+00
      10      -1.2903237E+02       3.2354342E+00   7.9833906E+00  -8.4046742E+00   9.1896673E+00   6.9354366E+00   7.1749808E+00   6.2437171E+00   2.3917002E+00   2.3573522E-01   7.1909821E+00
