DREAM.F90:Parameters_and_log_likelihood_for_chain_#08
       1      -2.1134297E+02       1.8062773E+00   7.6504541E+00  -2.5283958E-01   5.2762073E+00  -9.9289353E+00   1.0903262E+00   9.3024773E+00   7.7432508E+00  -5.4426542E+00   5.2479102E+00
       2      -1.7003693E+02       1.8062773E+00   5.0494550E+00  -2.5283958E-01   5.2762073E+00  -9.9289353E+00   1.0903262E+00   9.3024773E+00   7.7432508E+00  -7.8441034E-01   5.2479102E+00
       3      -1.4006341E+02       1.8062773E+00   7.8157029E+00   4.6740797E+00   6.2585493E+00   1.4400209E+00   1.0903262E+00   9.7069455E+00  -8.1145612E+00  -7.8441034E-01   5.5064218E+00
       4      -1.4006341E+02       1.8062773E+00   7.8157029E+00   4.6740797E+00   6.2585493E+00   1.4400209E+00   1.0903262E+00   9.7069455E+00  -8.1145612E+00  -7.8441034E-01   5.5064218E+00
       5      -1.4006341E+02       1.8062773E+00   7.8157029E+00   4.6740797E+00   6.2585493E+00   1.4400209E+00   1.0903262E+00   9.7069455E+00  -8.1145612E+00  -7.8441034E-01   5.5064218E+00
       6      -1.4006341E+02       1.8062773E+00   7.8157029E+00   4.6740797E+00   6.2585493E+00   1.4400209E+00   1.0903262E+00   9.7069455E+00  -8.1145612E+00  -7.8441034E-01   5.5064218E+00
       7      -1.4006341E+02       1.8062773E+00   7.8157029E+00   4.6740797E+00   6.2585493E+00   1.4400209E+00   1.0903262E+00   9.7069455E+00  -8.1145612E+00  -7.8441034E-01   5.5064218E+00
       8      -1.4006341E+02       1.8062773E+00   7.8157029E+00   4.6740797E+00   6.2585493E+00   1.4400209E+00   1.0903262E+00   9.7069455E+00  -8.1145612E+00  -7.8441034E-01   5.5064218E+00
       9      -1.4006341E+02       1.8062773E+00   7.8157029E+00   4.6740797E+00   6.2585493E+00   1.4400209E+00   1.0903262E+00   9.7069455E+00  -8.1145612E+00  -7.8441034E-01   5.5064218E+00
      10      -1.4006341E+02       1.8062773E+00   7.8157029E+00   4.6740797E+00   6.2585493E+00   1.4400209E+00   1.0903262E+00   9.7069455E+00  -8.1145612E+00  -7.8441034E-01   5.5064218E+00
