DREAM.F90:Parameters_and_log_likelihood_for_chain_#05
       1      -1.8360423E+02       8.6488625E+00  -3.8474609E+00  -1.8753520E-01   4.7264102E+00  -6.4591316E+00   4.6644520E+00  -3.2942282E+00   7.7204341E+00   2.5623151E+00  -5.3019476E-01
       2      -1.8360423E+02       8.6488625E+00  -3.8474609E+00  -1.8753520E-01   4.7264102E+00  -6.4591316E+00   4.6644520E+00  -3.2942282E+00   7.7204341E+00   2.5623151E+00  -5.3019476E-01
       3      -1.8360423E+02       8.6488625E+00  -3.8474609E+00  -1.8753520E-01   4.7264102E+00  -6.4591316E+00   4.6644520E+00  -3.2942282E+00   7.7204341E+00   2.5623151E+00  -5.3019476E-01
       4      -1.2405800E+02      -6.8882124E+00  -3.8474609E+00  -2.6657317E+00   5.5484575E+00  -3.0160360E+00  -8.5869782E+00  -3.2942282E+00  -9.8734591E+00   2.5623151E+00  -5.3019476E-01
       5      -1.2405800E+02      -6.8882124E+00  -3.8474609E+00  -2.6657317E+00   5.5484575E+00  -3.0160360E+00  -8.5869782E+00  -3.2942282E+00  -9.8734591E+00   2.5623151E+00  -5.3019476E-01
       6      -1.2405800E+02      -6.8882124E+00  -3.8474609E+00  -2.6657317E+00   5.5484575E+00  -3.0160360E+00  -8.5869782E+00  -3.2942282E+00  -9.8734591E+00   2.5623151E+00  -5.3019476E-01
       7      -1.2405800E+02      -6.8882124E+00  -3.8474609E+00  -2.6657317E+00   5.5484575E+00  -3.0160360E+00  -8.5869782E+00  -3.2942282E+00  -9.8734591E+00   2.5623151E+00  -5.3019476E-01
       8      -1.2405800E+02      -6.8882124E+00  -3.8474609E+00  -2.6657317E+00   5.5484575E+00  -3.0160360E+00  -8.5869782E+00  -3.2942282E+00  -9.8734591E+00   2.5623151E+00  -5.3019476E-01
       9      -1.2405800E+02      -6.8882124E+00  -3.8474609E+00  -2.6657317E+00   5.5484575E+00  -3.0160360E+00  -8.5869782E+00  -3.2942282E+00  -9.8734591E+00   2.5623151E+00  -5.3019476E-01
      10      -1.2405800E+02      -6.8882124E+00  -3.8474609E+00  -2.6657317E+00   5.5484575E+00  -3.0160360E+00  -8.5869782E+00  -3.2942282E+00  -9.8734591E+00   2.5623151E+00  -5.3019476E-01
