DREAM.F90:Parameters_and_log_likelihood_for_chain_#04
       1      -2.5770042E+02      -4.9761308E-02  -9.9529098E+00   8.4667183E+00   5.0504545E+00  -2.2539679E+00  -1.1992373E+00   6.0223005E+00  -9.4698685E+00  -6.9360668E+00  -8.3048253E+00
       2      -2.5794570E+02      -4.9761308E-02  -8.9017081E+00  -8.1066194E+00   3.7734479E+00   7.6154429E+00  -1.1992373E+00  -9.2250119E+00  -9.4698685E+00  -3.7692094E+00   8.0661876E+00
       3      -1.6812477E+02      -5.8134703E-01   5.7408415E+00   4.3282531E-01  -1.1178664E+00  -2.2880582E+00   2.1435182E+00  -5.2351235E+00  -7.0369711E+00   1.9100958E+00   1.3687830E+00
       4      -1.0497600E+02      -5.8134703E-01  -2.4373557E+00   4.3282531E-01   1.3822562E-01  -2.2880582E+00  -1.1998256E+00  -5.2351235E+00  -7.0369711E+00   1.9100958E+00   1.9512956E+00
       5      -1.0497600E+02      -5.8134703E-01  -2.4373557E+00   4.3282531E-01   1.3822562E-01  -2.2880582E+00  -1.1998256E+00  -5.2351235E+00  -7.0369711E+00   1.9100958E+00   1.9512956E+00
       6      -1.0497600E+02      -5.8134703E-01  -2.4373557E+00   4.3282531E-01   1.3822562E-01  -2.2880582E+00  -1.1998256E+00  -5.2351235E+00  -7.0369711E+00   1.9100958E+00   1.9512956E+00
       7      -1.0497600E+02      -5.8134703E-01  -2.4373557E+00   4.3282531E-01   1.3822562E-01  -2.2880582E+00  -1.1998256E+00  -5.2351235E+00  -7.0369711E+00   1.9100958E+00   1.9512956E+00
       8      -1.0041969E+02       5.1111195E-01  -1.0583720E+00   1.5445275E+00  -2.5550981E-01  -4.6713697E-01  -1.8658731E+00  -1.1249815E+00  -1.3283743E+00  -5.8983120E-01  -2.6760386E+00
       9      -1.0041969E+02       5.1111195E-01  -1.0583720E+00   1.5445275E+00  -2.5550981E-01  -4.6713697E-01  -1.8658731E+00  -1.1249815E+00  -1.3283743E+00  -5.8983120E-01  -2.6760386E+00
      10      -1.0041969E+02       5.1111195E-01  -1.0583720E+00   1.5445275E+00  -2.5550981E-01  -4.6713697E-01  -1.8658731E+00  -1.1249815E+00  -1.3283743E+00  -5.8983120E-01  -2.6760386E+00
