DREAM.F90:Parameters_and_log_likelihood_for_chain_#01
       1      -1.0914914E+02      -3.5257894E+00  -3.5121602E+00  -1.3224717E-01  -4.2254030E+00  -2.9398685E+00  -6.9207825E+00   1.3242230E+00   6.4143969E+00  -3.4901076E+00  -3.1984059E+00
       2      -1.0914914E+02      -3.5257894E+00  -3.5121602E+00  -1.3224717E-01  -4.2254030E+00  -2.9398685E+00  -6.9207825E+00   1.3242230E+00   6.4143969E+00  -3.4901076E+00  -3.1984059E+00
       3      -1.0914914E+02      -3.5257894E+00  -3.5121602E+00  -1.3224717E-01  -4.2254030E+00  -2.9398685E+00  -6.9207825E+00   1.3242230E+00   6.4143969E+00  -3.4901076E+00  -3.1984059E+00
       4      -1.0914914E+02      -3.5257894E+00  -3.5121602E+00  -1.3224717E-01  -4.2254030E+00  -2.9398685E+00  -6.9207825E+00   1.3242230E+00   6.4143969E+00  -3.4901076E+00  -3.1984059E+00
       5      -1.0914914E+02      -3.5257894E+00  -3.5121602E+00  -1.3224717E-01  -4.2254030E+00  -2.9398685E+00  -6.9207825E+00   1.3242230E+00   6.4143969E+00  -3.4901076E+00  -3.1984059E+00
       6      -1.0914914E+02      -3.5257894E+00  -3.5121602E+00  -1.3224717E-01  -4.2254030E+00  -2.9398685E+00  -6.9207825E+00   1.3242230E+00   6.4143969E+00  -3.4901076E+00  -3.1984059E+00
       7      -1.0914914E+02      -3.5257894E+00  -3.5121602E+00  -1.3224717E-01  -4.2254030E+00  -2.9398685E+00  -6.9207825E+00   1.3242230E+00   6.4143969E+00  -3.4901076E+00  -3.1984059E+00
       8      -1.0914914E+02      -3.5257894E+00  -3.5121602E+00  -1.3224717E-01  -4.2254030E+00  -2.9398685E+00  -6.9207825E+00   1.3242230E+00   6.4143969E+00  -3.4901076E+00  -3.1984059E+00
       9      -1.0914914E+02      -3.5257894E+00  -3.5121602E+00  -1.3224717E-01  -4.2254030E+00  -2.9398685E+00  -6.9207825E+00   1.3242230E+00   6.4143969E+00  -3.4901076E+00  -3.1984059E+00
      10      -1.0914914E+02      -3.5257894E+00  -3.5121602E+00  -1.3224717E-01  -4.2254030E+00  -2.9398685E+00  -6.9207825E+00   1.3242230E+00   6.4143969E+00  -3.4901076E+00  -3.1984059E+00
