DREAM.F90:Parameters_and_log_likelihood_for_chain_#07
       1      -1.8323652E+02      -1.3242878E+00   9.1376222E-01   8.1202461E+00  -2.3662183E+00  -7.2670891E+00   4.4517458E+00   6.7981712E-02   7.0452324E-02   7.9456941E+00  -7.6288842E-01
       2      -1.8323652E+02      -1.3242878E+00   9.1376222E-01   8.1202461E+00  -2.3662183E+00  -7.2670891E+00   4.4517458E+00   6.7981712E-02   7.0452324E-02   7.9456941E+00  -7.6288842E-01
       3      -1.8323652E+02      -1.3242878E+00   9.1376222E-01   8.1202461E+00  -2.3662183E+00  -7.2670891E+00   4.4517458E+00   6.7981712E-02   7.0452324E-02   7.9456941E+00  -7.6288842E-01
       4      -1.7065738E+02       6.4533943E-01  -2.5629482E+00   6.1349084E+00  -1.0397585E+00  -1.8755601E+00   6.6831956E+00  -5.6038002E+00  -4.7300548E-01   9.3005116E+00   1.5496547E+00
       5      -5.8833618E+01       7.2188828E+00   8.7686329E+00   5.9021463E+00   2.8080437E+00  -1.0585665E-01   6.6831956E+00   1.8162272E+00   1.3312350E+00   9.7337472E+00   8.6781039E+00
       6      -5.8833618E+01       7.2188828E+00   8.7686329E+00   5.9021463E+00   2.8080437E+00  -1.0585665E-01   6.6831956E+00   1.8162272E+00   1.3312350E+00   9.7337472E+00   8.6781039E+00
       7      -5.8833618E+01       7.2188828E+00   8.7686329E+00   5.9021463E+00   2.8080437E+00  -1.0585665E-01   6.6831956E+00   1.8162272E+00   1.3312350E+00   9.7337472E+00   8.6781039E+00
       8      -5.8833618E+01       7.2188828E+00   8.7686329E+00   5.9021463E+00   2.8080437E+00  -1.0585665E-01   6.6831956E+00   1.8162272E+00   1.3312350E+00   9.7337472E+00   8.6781039E+00
       9      -5.8833618E+01       7.2188828E+00   8.7686329E+00   5.9021463E+00   2.8080437E+00  -1.0585665E-01   6.6831956E+00   1.8162272E+00   1.3312350E+00   9.7337472E+00   8.6781039E+00
      10      -5.8833618E+01       7.2188828E+00   8.7686329E+00   5.9021463E+00   2.8080437E+00  -1.0585665E-01   6.6831956E+00   1.8162272E+00   1.3312350E+00   9.7337472E+00   8.6781039E+00
