DREAM.F90:Parameter_values_for_restart
       1       -1.0914914E+02      -3.5257894E+00  -3.5121602E+00  -1.3224717E-01  -4.2254030E+00  -2.9398685E+00  -6.9207825E+00   1.3242230E+00   6.4143969E+00  -3.4901076E+00  -3.1984059E+00
       2       -8.2566689E+01      -9.5036014E+00  -3.2680113E+00  -4.2995403E+00   2.5264106E+00  -7.1462547E-01  -9.5768623E+00  -7.3607036E+00  -4.1880586E+00  -8.2784506E+00  -9.7484921E+00
       3       -1.2903237E+02       3.2354342E+00   7.9833906E+00  -8.4046742E+00   9.1896673E+00   6.9354366E+00   7.1749808E+00   6.2437171E+00   2.3917002E+00   2.3573522E-01   7.1909821E+00
       4       -1.0041969E+02       5.1111195E-01  -1.0583720E+00   1.5445275E+00  -2.5550981E-01  -4.6713697E-01  -1.8658731E+00  -1.1249815E+00  -1.3283743E+00  -5.8983120E-01  -2.6760386E+00
       5       -1.2405800E+02      -6.8882124E+00  -3.8474609E+00  -2.6657317E+00   5.5484575E+00  -3.0160360E+00  -8.5869782E+00  -3.2942282E+00  -9.8734591E+00   2.5623151E+00  -5.3019476E-01
       6       -6.7846855E+01      -4.1608332E+00  -7.1981812E+00  -4.6681267E+00  -6.3957391E+00  -2.5300028E+00  -8.4217245E+00   4.9321243E+00  -4.6320985E+00  -3.6445819E+00  -6.9487468E+00
       7       -5.8833618E+01       7.2188828E+00   8.7686329E+00   5.9021463E+00   2.8080437E+00  -1.0585665E-01   6.6831956E+00   1.8162272E+00   1.3312350E+00   9.7337472E+00   8.6781039E+00
       8       -1.4006341E+02       1.8062773E+00   7.8157029E+00   4.6740797E+00   6.2585493E+00   1.4400209E+00   1.0903262E+00   9.7069455E+00  -8.1145612E+00  -7.8441034E-01   5.5064218E+00
       9       -8.8187429E+01      -5.2979378E+00   4.8745539E+00  -5.1371029E+00  -3.9777363E+00  -2.3364971E+00  -6.1629515E-01  -2.9728208E+00  -2.0681322E+00   2.8481458E-01  -2.7871300E+00
      10       -1.2483152E+02      -5.4910403E+00   7.2180345E-01  -6.2217731E+00  -4.3676558E+00  -8.1867141E+00   2.5068221E+00  -7.5219013E+00  -4.3595201E+00   1.7697012E+00   4.4768529E+00
