DREAM.F90:Parameters_and_log_likelihood_for_chain_#09
       1      -1.4227447E+02      -6.4619669E+00   4.8745539E+00  -5.1371029E+00   4.1247503E+00  -2.3364971E+00  -1.3270971E+00   1.2365481E+00  -2.5879380E+00  -3.1415816E-01  -7.9150940E+00
       2      -1.4227447E+02      -6.4619669E+00   4.8745539E+00  -5.1371029E+00   4.1247503E+00  -2.3364971E+00  -1.3270971E+00   1.2365481E+00  -2.5879380E+00  -3.1415816E-01  -7.9150940E+00
       3      -1.4263908E+02      -5.2979378E+00   4.8745539E+00  -5.1371029E+00   4.1247503E+00  -2.3364971E+00  -1.3270971E+00   1.2365481E+00  -2.0681322E+00  -3.1415816E-01  -7.9150940E+00
       4      -1.4263908E+02      -5.2979378E+00   4.8745539E+00  -5.1371029E+00   4.1247503E+00  -2.3364971E+00  -1.3270971E+00   1.2365481E+00  -2.0681322E+00  -3.1415816E-01  -7.9150940E+00
       5      -1.4263908E+02      -5.2979378E+00   4.8745539E+00  -5.1371029E+00   4.1247503E+00  -2.3364971E+00  -1.3270971E+00   1.2365481E+00  -2.0681322E+00  -3.1415816E-01  -7.9150940E+00
       6      -1.4263908E+02      -5.2979378E+00   4.8745539E+00  -5.1371029E+00   4.1247503E+00  -2.3364971E+00  -1.3270971E+00   1.2365481E+00  -2.0681322E+00  -3.1415816E-01  -7.9150940E+00
       7      -1.4263908E+02      -5.2979378E+00   4.8745539E+00  -5.1371029E+00   4.1247503E+00  -2.3364971E+00  -1.3270971E+00   1.2365481E+00  -2.0681322E+00  -3.1415816E-01  -7.9150940E+00
       8      -1.4263908E+02      -5.2979378E+00   4.8745539E+00  -5.1371029E+00   4.1247503E+00  -2.3364971E+00  -1.3270971E+00   1.2365481E+00  -2.0681322E+00  -3.1415816E-01  -7.9150940E+00
       9      -1.4263908E+02      -5.2979378E+00   4.8745539E+00  -5.1371029E+00   4.1247503E+00  -2.3364971E+00  -1.3270971E+00   1.2365481E+00  -2.0681322E+00  -3.1415816E-01  -7.9150940E+00
      10      -8.8187429E+01      -5.2979378E+00   4.8745539E+00  -5.1371029E+00  -3.9777363E+00  -2.3364971E+00  -6.1629515E-01  -2.9728208E+00  -2.0681322E+00   2.8481458E-01  -2.7871300E+00
