   0.000000000000000    
   0.000000000000000    
   0.000000000000000    
   0.000000000000000    
   0.000000000000000    
   0.000000000000000    
   0.000000000000000    
   0.000000000000000    
   0.000000000000000    
   0.000000000000000    
   0.000000000000000    
   0.000000000000000    
   0.000000000000000    
   0.000000000000000    
   0.000000000000000    
   0.000000000000000    
   0.000000000000000    
  0.2774523979004008    
  0.1641170154038083    
  0.5306444392513432    
  0.5059249312745465    
  0.1261754604684449E-01
  0.4128040179293458    
   0.000000000000000    
   0.000000000000000    
  0.6381670099904552E-01
  0.1249010595104702    
  0.5501118373590179    
  0.4087341064657488    
  0.3255623704860752    
  0.3519656813127423E-01
  0.7310178986626331    
  0.6872112470291181    
  0.6416271051802404    
  0.3076960486660990    
  0.4789169222195522    
  0.9500051491177171    
  0.9263961480044408    
  0.6659060483198277    
  0.2595551336225912E-01
   0.000000000000000    
   0.000000000000000    
  0.1384047706916893    
  0.2424243020062632    
  0.7014829252372429E-01
  0.4472496934943301    
  0.9373473664917296    
   1.078833105918027    
  0.8152613359433251    
  0.5799300286987492    
  0.8702140136893936    
  0.5180944689000468    
   1.079308338706725    
  0.3741494699856370    
  0.2263009952926986    
  0.1803862652838182E-01
   0.000000000000000    
   0.000000000000000    
  0.6501199874062439    
   1.068410436034000    
  0.1121770948741686    
  0.4755520121816489    
  0.4672341851810452E-01
   1.134334852231451    
  0.8207159912075891    
  0.6115069007075805    
  0.7070116757951639    
  0.4520373932456914    
  0.4032970975768066    
  0.8613922448960877    
  0.2133543387923265    
   0.000000000000000    
   0.000000000000000    
  0.1367999855669699E-01
  0.3722554935196843    
   1.065223156065669    
  0.8354057963297721    
  0.3627388252969488    
   0.000000000000000    
   0.000000000000000    
   0.000000000000000    
   0.000000000000000    
   0.000000000000000    
   0.000000000000000    
   0.000000000000000    
   0.000000000000000    
   0.000000000000000    
  0.2442340477148786    
  0.8406852131983092    
   0.000000000000000    
   0.000000000000000    
  0.2574899180043196    
  0.3117017501382935E-02
  0.3528307200392959    
  0.8991679036726380    
   0.000000000000000    
   0.000000000000000    
   0.000000000000000    
   0.000000000000000    
   0.000000000000000    
   0.000000000000000    
   0.000000000000000    
   0.000000000000000    
  0.9396598136561186    
  0.2703905607226298    
  0.3096613856626517    
  0.5226040054115992E-02
  0.3486166621948742    
  0.8905484294254619    
   0.000000000000000    
   0.000000000000000    
   0.000000000000000    
  0.7927067021607812    
  0.1612790790833833    
  0.5203733807784759    
  0.1736036683881446E-01
  0.6386737539003418    
  0.3951837639879754    
   0.000000000000000    
   0.000000000000000    
   1.048892333364244    
  0.3101508635941767    
  0.4238798312922854    
  0.8479659044760539    
  0.4303409845700618E-01
  0.9488875807404576    
  0.5950644628020505    
  0.9944855714952681E-01
  0.8248123402871244    
   1.012019794823563    
   0.000000000000000    
   0.000000000000000    
  0.5875559333794976    
  0.1890647793997429    
  0.5384666869610034    
  0.1994724435418598E-01
  0.7788037403592583    
  0.9116505990111589    
  0.2712090724333218    
  0.3708698720211646    
  0.4931488152758137E-01
  0.7421109489253204    
  0.9998984213360192    
  0.8983733568581931    
  0.6529585219049358    
  0.8966616045286563E-01
   0.000000000000000    
   0.000000000000000    
  0.7435385035595775    
  0.6300148924571937    
  0.6187940781087597    
  0.4095947414939635    
  0.1173156893533127    
  0.2052948643225650E-01
   0.000000000000000    
   0.000000000000000    
  0.3886778985349349E-01
  0.7770296127779295    
  0.4633132761360690    
  0.8624218043618798    
  0.4902225188394579    
  0.3908661448493289    
  0.5027440985244195    
  0.4803700915430993E-01
   0.000000000000000    
   0.000000000000000    
   0.000000000000000    
   0.000000000000000    
   0.000000000000000    
   0.000000000000000    
  0.1595097780192283E-01
  0.5638625228240690    
  0.3724675958244794    
  0.5837230839396125    
  0.2276629006946177E-01
  0.3083963296526362    
  0.2417540448861543    
  0.1992634277990728E-01
   0.000000000000000    
   0.000000000000000    
  0.6994954558454404    
   0.000000000000000    
   0.000000000000000    
   0.000000000000000    
   0.000000000000000    
  0.1014939552590672E-01
  0.4299817620302936    
  0.3174507344284649    
   0.000000000000000    
   0.000000000000000    
  0.5881043654571843    
  0.1667617002163936E-01
   0.000000000000000    
   0.000000000000000    
  0.1234199633790305E-01
  0.2048623625842375    
  0.2707559785897085    
  0.3820327067460113    
  0.1611054599106664E-01
  0.5460641458824466    
  0.5624406064354644E-02
  0.9612539416497176E-01
  0.3201809560871163    
  0.2547599826867984    
  0.3049452708453379    
  0.4849067807875227    
  0.2667834395404409    
  0.1592166523156129E-01
  0.4081196426986918E-01
   0.000000000000000    
   0.000000000000000    
  0.1061970622640497E-01
  0.5728413834385687E-02
  0.1495279450137287    
  0.3909574341857138    
  0.2523609260063247    
  0.3762367075320288    
  0.2345266764478543E-01
  0.2053875027054902    
  0.7122743076542720E-01
  0.1512542331951165    
  0.1079522233274242E-01
  0.3111008613962600    
  0.2433713639107391    
  0.2877575920655581    
  0.2300164323460756E-02
   0.000000000000000    
   0.000000000000000    
  0.3547113980676300E-01
  0.4434223540140105E-02
  0.1906183824332925    
  0.6720385717171576E-01
  0.1431484310921203    
  0.2285224250202321    
  0.1437321592596385E-01
  0.8931170022481023E-01
  0.3392066238197911E-01
   0.000000000000000    
   0.000000000000000    
   0.000000000000000    
  0.1137550602254718E-02
  0.1533908436539977    
  0.1651901281321489    
   0.000000000000000    
   0.000000000000000    
  0.1851195830482495E-01
   0.000000000000000    
   0.000000000000000    
   0.000000000000000    
   0.000000000000000    
   0.000000000000000    
   0.000000000000000    
  0.1575358715500221E-01
  0.8009493745091487E-01
   0.000000000000000    
   0.000000000000000    
  0.1096572791588791E-01
  0.1129815329456947E-01
  0.5717472880335805E-01
  0.1982542027003901E-03
   0.000000000000000    
   0.000000000000000    
   0.000000000000000    
   0.000000000000000    
   0.000000000000000    
   0.000000000000000    
  0.3432312397631689E-01
  0.5159586782389839E-02
   0.000000000000000    
   0.000000000000000    
  0.3118836392591121E-02
   0.000000000000000    
   0.000000000000000    
   0.000000000000000    
  0.5432567956320037E-02
  0.3006133368265539E-01
  0.9593613565140258E-04
  0.1153055243694858E-01
  0.1818222788569361E-02
  0.2455336903115466E-02
  0.9144606113718297E-02
  0.2292858335972760E-03
  0.2054652563600221E-02
  0.1787527557262825E-01
  0.3075948933313893E-02
   0.000000000000000    
   0.000000000000000    
  0.1353003861169501E-02
  0.3746920569958458E-02
  0.5072279416490941E-02
  0.7991640785894189E-03
  0.1442478120302938E-03
  0.1297947539717213E-01
  0.2819433226010751E-02
  0.8404018529238751E-02
  0.1425657557123630E-02
  0.2611703359713926E-02
  0.6404001963240616E-02
  0.3901256132557063E-03
  0.2812041514459184E-02
   0.000000000000000    
   0.000000000000000    
  0.1450033863070507E-02
  0.7828037533644919E-02
  0.1538339606404345E-02
  0.3350477813392325E-02
  0.4111583209854774E-02
  0.6658768052614634E-03
  0.1619056085213957E-03
  0.1512882084174988E-02
  0.5172278643352362E-02
  0.3643266654619926E-02
  0.6483432865876052E-03
  0.1660467801114091E-02
  0.2909613439364782E-03
  0.1838413690172771E-02
  0.3077733076102379E-02
   0.000000000000000    
   0.000000000000000    
  0.7783541729234917E-03
  0.1128308775378276E-03
  0.2344551039320785E-02
  0.2052512263023284E-02
   0.000000000000000    
   0.000000000000000    
  0.3900784958657994E-03
   0.000000000000000    
   0.000000000000000    
   0.000000000000000    
   0.000000000000000    
  0.8143433613518436E-03
  0.1134343381745202E-03
   0.000000000000000    
   0.000000000000000    
  0.1119817986276318E-02
  0.1848054203381108E-03
  0.9306456061262429E-03
  0.6985447539146250E-03
  0.1123356107365499E-02
  0.8879959525317806E-03
  0.1542014847496809E-03
  0.3762806681645621E-03
   0.000000000000000    
   0.000000000000000    
   0.000000000000000    
   0.000000000000000    
  0.7496022625049619E-04
  0.5708860036013851E-03
   0.000000000000000    
   0.000000000000000    
  0.5082921398378395E-03
  0.9593047559374522E-04
  0.5324912382611744E-03
  0.7432649569965234E-04
  0.3275189065919205E-03
  0.3570522705846477E-03
   0.000000000000000    
   0.000000000000000    
  0.2127651121632835E-03
  0.3202144564831339E-04
  0.1611721942487725E-03
  0.3769817655176086E-04
  0.1471900264101802E-03
  0.1357401015089185E-03
   0.000000000000000    
   0.000000000000000    
  0.4877727649744535E-04
  0.2467219730209422E-03
  0.2529566135600659E-03
  0.2560192279247973E-03
  0.4769343827357382E-04
  0.4175138054275847E-04
  0.9355526736406284E-04
  0.7401920642224201E-04
  0.1406819952590293E-03
  0.1086064581840888E-03
  0.1762089583342697E-04
  0.1156185791015422E-03
  0.9815131122301198E-04
  0.1283051920876317E-03
   0.000000000000000    
   0.000000000000000    
  0.3412005952291415E-04
  0.2585004165853736E-04
  0.1239454844461500E-03
  0.9720435909953044E-04
  0.1102225748024230E-03
  0.2418620551306770E-04
  0.3707934485486662E-04
  0.7745250661601306E-04
  0.5428501573150051E-04
  0.7159790944325929E-04
  0.6581581289594344E-04
   0.000000000000000    
   0.000000000000000    
  0.9739735730419763E-05
  0.5094171709929616E-04
  0.4746486426677211E-04
  0.1954217101725886E-04
  0.5747976374997985E-04
   0.000000000000000    
   0.000000000000000    
   0.000000000000000    
  0.3660548351712465E-04
  0.2448697172716833E-04
  0.1797804155473170E-04
  0.3941209850544199E-04
  0.2049859107231432E-05
  0.1110631268579121E-04
   0.000000000000000    
   0.000000000000000    
   0.000000000000000    
   0.000000000000000    
   0.000000000000000    
   0.000000000000000    
   0.000000000000000    
   0.000000000000000    
  0.1814784320293235E-04
  0.9316878162924963E-05
  0.7885386365402547E-05
  0.1390160061006812E-04
   0.000000000000000    
   0.000000000000000    
  0.2225521084481936E-05
  0.4119398448476250E-06
   0.000000000000000    
   0.000000000000000    
   0.000000000000000    
   0.000000000000000    
   0.000000000000000    
   0.000000000000000    
   0.000000000000000    
   0.000000000000000    
   0.000000000000000    
  0.8770912405309291E-05
  0.6750482776561528E-05
  0.4576768336719908E-05
  0.3501098674910632E-05
   0.000000000000000    
   0.000000000000000    
  0.3881887663930490E-05
  0.2181271865051863E-05
  0.5989948151094488E-06
  0.1632054580010592E-06
  0.2867868872033781E-05
  0.2707932059832218E-06
  0.6152514142951368E-06
  0.1868622936331925E-05
  0.4678208642566337E-05
  0.1471389579913049E-05
  0.7179588766821796E-06
  0.1774759549860609E-05
  0.2403401203660413E-05
  0.3864815781183675E-05
  0.2259186684289816E-05
   0.000000000000000    
   0.000000000000000    
  0.1403625259836173E-05
  0.2642702872827255E-05
  0.1566677377351342E-06
  0.3676538748807506E-06
  0.2040876160852815E-05
  0.2669379600367679E-05
  0.7096980697644546E-06
  0.1289673042176054E-05
  0.3643139260251390E-06
  0.1480681982069579E-05
  0.1440537254626140E-05
  0.6904034356986222E-06
  0.1428092857344327E-05
   0.000000000000000    
   0.000000000000000    
  0.1360078380763480E-05
  0.1058295549785623E-05
  0.2063055945789392E-05
  0.1267931202218457E-06
  0.1558335819553168E-05
  0.2666018453708639E-06
  0.1108172070277561E-05
  0.6979893847140601E-06
  0.1222901618499025E-05
  0.3771504419713198E-06
  0.7585252287113879E-06
  0.8397503179161139E-06
  0.2937824661780829E-06
  0.7259103218319917E-06
  0.1594048090557246E-06
   0.000000000000000    
   0.000000000000000    
  0.4429198563968148E-06
  0.5781105736305925E-06
  0.5579219184502990E-07
  0.8217462134940614E-06
  0.6534588271043384E-06
  0.1261045085363095E-06
   0.000000000000000    
   0.000000000000000    
   0.000000000000000    
   0.000000000000000    
   0.000000000000000    
   0.000000000000000    
   0.000000000000000    
   0.000000000000000    
   0.000000000000000    
   0.000000000000000    
   0.000000000000000    
   0.000000000000000    
   0.000000000000000    
   0.000000000000000    
   0.000000000000000    
   0.000000000000000    
   0.000000000000000    
