   0.000000000000000    
  0.2500000000000000    
  0.2500000000000000    
   1.000000000000000    
  0.4849355818102371    
   1.000000000000000    
   2.250000000000000    
   1.228906853500378    
   1.228906853500378    
   2.250000000000000    
   16.00000000000000    
   20.00000000000000    
   18.25000000000000    
   17.00000000000000    
   16.25000000000000    
   12.25000000000000    
   9.000000000000000    
   6.250000000000000    
   4.000000000000000    
   2.477100808843522    
   1.969930925971543    
   2.477100808843522    
   4.000000000000000    
   12.48641371460746    
   16.25000000000000    
   14.48623150724315    
   13.23265526526800    
   9.230856781309763    
   6.478465122041869    
   4.227353823187712    
   3.217907241029214    
   3.217907241029214    
   4.227353823187711    
   6.250000000000000    
   9.975149687984379    
   13.00000000000000    
   11.23061787216386    
   7.221698290932860    
   4.969624793937900    
   4.468256126611582    
   4.969624793937900    
   6.478465122041871    
   9.000000000000000    
   8.477873987394680    
   10.25000000000000    
   6.225220012405935    
   12.25000000000000    
   6.225220012405936    
   7.221698290932859    
   9.230856781309763    
   16.00000000000000    
   8.000000000000000    
   12.48641371460746    
   8.477873987394682    
   9.975149687984381    
   16.25000000000000    
   10.25000000000000    
   13.23265526526800    
   11.23061787216386    
   17.00000000000000    
   13.00000000000000    
   14.48623150724315    
   18.25000000000000    
   16.25000000000000    
   20.00000000000000    
