     0.00000         0.00000         0.00000        -0.00000    
    0.500000E-01     0.00000         0.00000        -0.00000    
    0.100000         0.00000         0.00000        -0.00000    
    0.150000         0.00000         0.00000        -0.00000    
    0.200000         0.00000         0.00000        -0.00000    
    0.250000         0.00000         0.00000        -0.00000    
    0.300000         0.00000         0.00000        -0.00000    
    0.350000         0.00000         0.00000        -0.00000    
    0.400000         0.00000         0.00000        -0.00000    
    0.450000         0.00000         0.00000        -0.00000    
    0.500000         0.00000         0.00000         0.00000    
    0.550000         0.00000         0.00000         0.00000    
    0.600000         0.00000         0.00000         0.00000    
    0.650000         0.00000         0.00000         0.00000    
    0.700000         0.00000         0.00000         0.00000    
    0.750000         0.00000         0.00000         0.00000    
    0.800000         0.00000         0.00000         0.00000    
    0.850000         0.00000         0.00000         0.00000    
    0.900000         0.00000         0.00000         0.00000    
    0.950000         0.00000         0.00000         0.00000    
     1.00000         0.00000         0.00000        -0.00000    
     0.00000        0.500000E-01     0.00000        -0.00000    
    0.500000E-01    0.500000E-01    0.233417E-02   -0.233417E-02
    0.100000        0.500000E-01    0.832815E-02   -0.387925E-02
    0.150000        0.500000E-01    0.165427E-01   -0.469551E-02
    0.200000        0.500000E-01    0.256769E-01   -0.486807E-02
    0.250000        0.500000E-01    0.346099E-01   -0.450129E-02
    0.300000        0.500000E-01    0.424315E-01   -0.371274E-02
    0.350000        0.500000E-01    0.484614E-01   -0.262693E-02
    0.400000        0.500000E-01    0.522563E-01   -0.136913E-02
    0.450000        0.500000E-01    0.536059E-01   -0.594986E-04
    0.500000        0.500000E-01    0.525181E-01    0.119225E-02
    0.550000        0.500000E-01    0.491943E-01    0.229143E-02
    0.600000        0.500000E-01    0.439981E-01    0.316205E-02
    0.650000        0.500000E-01    0.374168E-01    0.374946E-02
    0.700000        0.500000E-01    0.300195E-01    0.402188E-02
    0.750000        0.500000E-01    0.224135E-01    0.397069E-02
    0.800000        0.500000E-01    0.152010E-01    0.360974E-02
    0.850000        0.500000E-01    0.893808E-02    0.297344E-02
    0.900000        0.500000E-01    0.409863E-02    0.211394E-02
    0.950000        0.500000E-01    0.104390E-02    0.109746E-02
     1.00000        0.500000E-01     0.00000        -0.00000    
     0.00000        0.100000         0.00000        -0.00000    
    0.500000E-01    0.100000        0.387925E-02   -0.832815E-02
    0.100000        0.100000        0.138409E-01   -0.138409E-01
    0.150000        0.100000        0.274930E-01   -0.167532E-01
    0.200000        0.100000        0.426735E-01   -0.173689E-01
    0.250000        0.100000        0.575195E-01   -0.160603E-01
    0.300000        0.100000        0.705185E-01   -0.132468E-01
    0.350000        0.100000        0.805398E-01   -0.937271E-02
    0.400000        0.100000        0.868467E-01   -0.488496E-02
    0.450000        0.100000        0.890898E-01   -0.212287E-03
    0.500000        0.100000        0.872818E-01    0.425386E-02
    0.550000        0.100000        0.817579E-01    0.817565E-02
    0.600000        0.100000        0.731221E-01    0.112820E-01
    0.650000        0.100000        0.621844E-01    0.133778E-01
    0.700000        0.100000        0.498905E-01    0.143498E-01
    0.750000        0.100000        0.372498E-01    0.141671E-01
    0.800000        0.100000        0.252631E-01    0.128793E-01
    0.850000        0.100000        0.148545E-01    0.106090E-01
    0.900000        0.100000        0.681167E-02    0.754238E-02
    0.950000        0.100000        0.173489E-02    0.391566E-02
     1.00000        0.100000         0.00000        -0.00000    
     0.00000        0.150000         0.00000        -0.00000    
    0.500000E-01    0.150000        0.469551E-02   -0.165427E-01
    0.100000        0.150000        0.167532E-01   -0.274930E-01
    0.150000        0.150000        0.332780E-01   -0.332780E-01
    0.200000        0.150000        0.516527E-01   -0.345010E-01
    0.250000        0.150000        0.696227E-01   -0.319016E-01
    0.300000        0.150000        0.853568E-01   -0.263130E-01
    0.350000        0.150000        0.974868E-01   -0.186176E-01
    0.400000        0.150000        0.105121       -0.970330E-02
    0.450000        0.150000        0.107836       -0.421678E-03
    0.500000        0.150000        0.105647        0.844971E-02
    0.550000        0.150000        0.989612E-01    0.162398E-01
    0.600000        0.150000        0.885083E-01    0.224101E-01
    0.650000        0.150000        0.752690E-01    0.265732E-01
    0.700000        0.150000        0.603883E-01    0.285038E-01
    0.750000        0.150000        0.450878E-01    0.281410E-01
    0.800000        0.150000        0.305789E-01    0.255829E-01
    0.850000        0.150000        0.179802E-01    0.210733E-01
    0.900000        0.150000        0.824496E-02    0.149819E-01
    0.950000        0.150000        0.209994E-02    0.777793E-02
     1.00000        0.150000         0.00000        -0.00000    
     0.00000        0.200000         0.00000        -0.00000    
    0.500000E-01    0.200000        0.486807E-02   -0.256769E-01
    0.100000        0.200000        0.173689E-01   -0.426735E-01
    0.150000        0.200000        0.345010E-01   -0.516527E-01
    0.200000        0.200000        0.535510E-01   -0.535510E-01
    0.250000        0.200000        0.721813E-01   -0.495163E-01
    0.300000        0.200000        0.884937E-01   -0.408419E-01
    0.350000        0.200000        0.101069       -0.288975E-01
    0.400000        0.200000        0.108984       -0.150611E-01
    0.450000        0.200000        0.111799       -0.654512E-03
    0.500000        0.200000        0.109530        0.131153E-01
    0.550000        0.200000        0.102598        0.252068E-01
    0.600000        0.200000        0.917610E-01    0.347840E-01
    0.650000        0.200000        0.780352E-01    0.412458E-01
    0.700000        0.200000        0.626076E-01    0.442425E-01
    0.750000        0.200000        0.467448E-01    0.436794E-01
    0.800000        0.200000        0.317026E-01    0.397088E-01
    0.850000        0.200000        0.186410E-01    0.327092E-01
    0.900000        0.200000        0.854797E-02    0.232543E-01
    0.950000        0.200000        0.217711E-02    0.120726E-01
     1.00000        0.200000         0.00000        -0.00000    
     0.00000        0.250000         0.00000        -0.00000    
    0.500000E-01    0.250000        0.450129E-02   -0.346099E-01
    0.100000        0.250000        0.160603E-01   -0.575195E-01
    0.150000        0.250000        0.319016E-01   -0.696227E-01
    0.200000        0.250000        0.495163E-01   -0.721813E-01
    0.250000        0.250000        0.667429E-01   -0.667429E-01
    0.300000        0.250000        0.818263E-01   -0.550507E-01
    0.350000        0.250000        0.934545E-01   -0.389509E-01
    0.400000        0.250000        0.100773       -0.203008E-01
    0.450000        0.250000        0.103376       -0.882215E-03
    0.500000        0.250000        0.101278        0.176781E-01
    0.550000        0.250000        0.948680E-01    0.339761E-01
    0.600000        0.250000        0.848474E-01    0.468853E-01
    0.650000        0.250000        0.721558E-01    0.555952E-01
    0.700000        0.250000        0.578906E-01    0.596344E-01
    0.750000        0.250000        0.432229E-01    0.588754E-01
    0.800000        0.250000        0.293141E-01    0.535234E-01
    0.850000        0.250000        0.172365E-01    0.440887E-01
    0.900000        0.250000        0.790394E-02    0.313444E-01
    0.950000        0.250000        0.201308E-02    0.162726E-01
     1.00000        0.250000         0.00000        -0.00000    
     0.00000        0.300000         0.00000        -0.00000    
    0.500000E-01    0.300000        0.371274E-02   -0.424315E-01
    0.100000        0.300000        0.132468E-01   -0.705185E-01
    0.150000        0.300000        0.263130E-01   -0.853568E-01
    0.200000        0.300000        0.408419E-01   -0.884937E-01
    0.250000        0.300000        0.550507E-01   -0.818263E-01
    0.300000        0.300000        0.674918E-01   -0.674918E-01
    0.350000        0.300000        0.770829E-01   -0.477535E-01
    0.400000        0.300000        0.831191E-01   -0.248886E-01
    0.450000        0.300000        0.852659E-01   -0.108159E-02
    0.500000        0.300000        0.835355E-01    0.216732E-01
    0.550000        0.300000        0.782487E-01    0.416545E-01
    0.600000        0.300000        0.699836E-01    0.574810E-01
    0.650000        0.300000        0.595153E-01    0.681593E-01
    0.700000        0.300000        0.477491E-01    0.731113E-01
    0.750000        0.300000        0.356510E-01    0.721808E-01
    0.800000        0.300000        0.241787E-01    0.656193E-01
    0.850000        0.300000        0.142170E-01    0.540524E-01
    0.900000        0.300000        0.651930E-02    0.384280E-01
    0.950000        0.300000        0.166043E-02    0.199501E-01
     1.00000        0.300000         0.00000        -0.00000    
     0.00000        0.350000         0.00000        -0.00000    
    0.500000E-01    0.350000        0.262693E-02   -0.484614E-01
    0.100000        0.350000        0.937271E-02   -0.805398E-01
    0.150000        0.350000        0.186176E-01   -0.974868E-01
    0.200000        0.350000        0.288975E-01   -0.101069    
    0.250000        0.350000        0.389509E-01   -0.934545E-01
    0.300000        0.350000        0.477535E-01   -0.770829E-01
    0.350000        0.350000        0.545396E-01   -0.545396E-01
    0.400000        0.350000        0.588105E-01   -0.284255E-01
    0.450000        0.350000        0.603295E-01   -0.123529E-02
    0.500000        0.350000        0.591051E-01    0.247531E-01
    0.550000        0.350000        0.553645E-01    0.475739E-01
    0.600000        0.350000        0.495166E-01    0.656495E-01
    0.650000        0.350000        0.421098E-01    0.778453E-01
    0.700000        0.350000        0.337847E-01    0.835010E-01
    0.750000        0.350000        0.252247E-01    0.824383E-01
    0.800000        0.350000        0.171075E-01    0.749443E-01
    0.850000        0.350000        0.100591E-01    0.617337E-01
    0.900000        0.350000        0.461270E-02    0.438890E-01
    0.950000        0.350000        0.117483E-02    0.227852E-01
     1.00000        0.350000         0.00000        -0.00000    
     0.00000        0.400000         0.00000        -0.00000    
    0.500000E-01    0.400000        0.136913E-02   -0.522563E-01
    0.100000        0.400000        0.488496E-02   -0.868467E-01
    0.150000        0.400000        0.970330E-02   -0.105121    
    0.200000        0.400000        0.150611E-01   -0.108984    
    0.250000        0.400000        0.203008E-01   -0.100773    
    0.300000        0.400000        0.248886E-01   -0.831191E-01
    0.350000        0.400000        0.284255E-01   -0.588105E-01
    0.400000        0.400000        0.306514E-01   -0.306514E-01
    0.450000        0.400000        0.314431E-01   -0.133203E-02
    0.500000        0.400000        0.308050E-01    0.266915E-01
    0.550000        0.400000        0.288554E-01    0.512994E-01
    0.600000        0.400000        0.258075E-01    0.707904E-01
    0.650000        0.400000        0.219472E-01    0.839412E-01
    0.700000        0.400000        0.176082E-01    0.900398E-01
    0.750000        0.400000        0.131469E-01    0.888939E-01
    0.800000        0.400000        0.891628E-02    0.808131E-01
    0.850000        0.400000        0.524272E-02    0.665679E-01
    0.900000        0.400000        0.240409E-02    0.473258E-01
    0.950000        0.400000        0.612308E-03    0.245695E-01
     1.00000        0.400000         0.00000        -0.00000    
     0.00000        0.450000         0.00000        -0.00000    
    0.500000E-01    0.450000        0.594986E-04   -0.536059E-01
    0.100000        0.450000        0.212287E-03   -0.890898E-01
    0.150000        0.450000        0.421678E-03   -0.107836    
    0.200000        0.450000        0.654512E-03   -0.111799    
    0.250000        0.450000        0.882215E-03   -0.103376    
    0.300000        0.450000        0.108159E-02   -0.852659E-01
    0.350000        0.450000        0.123529E-02   -0.603295E-01
    0.400000        0.450000        0.133203E-02   -0.314431E-01
    0.450000        0.450000        0.136643E-02   -0.136643E-02
    0.500000        0.450000        0.133870E-02    0.273809E-01
    0.550000        0.450000        0.125397E-02    0.526243E-01
    0.600000        0.450000        0.112152E-02    0.726188E-01
    0.650000        0.450000        0.953763E-03    0.861092E-01
    0.700000        0.450000        0.765203E-03    0.923653E-01
    0.750000        0.450000        0.571325E-03    0.911898E-01
    0.800000        0.450000        0.387476E-03    0.829003E-01
    0.850000        0.450000        0.227834E-03    0.682872E-01
    0.900000        0.450000        0.104475E-03    0.485481E-01
    0.950000        0.450000        0.266092E-04    0.252040E-01
     1.00000        0.450000         0.00000        -0.00000    
     0.00000        0.500000        -0.00000        -0.00000    
    0.500000E-01    0.500000       -0.119225E-02   -0.525181E-01
    0.100000        0.500000       -0.425386E-02   -0.872818E-01
    0.150000        0.500000       -0.844971E-02   -0.105647    
    0.200000        0.500000       -0.131153E-01   -0.109530    
    0.250000        0.500000       -0.176781E-01   -0.101278    
    0.300000        0.500000       -0.216732E-01   -0.835355E-01
    0.350000        0.500000       -0.247531E-01   -0.591051E-01
    0.400000        0.500000       -0.266915E-01   -0.308050E-01
    0.450000        0.500000       -0.273809E-01   -0.133870E-02
    0.500000        0.500000       -0.268252E-01    0.268252E-01
    0.550000        0.500000       -0.251275E-01    0.515564E-01
    0.600000        0.500000       -0.224734E-01    0.711451E-01
    0.650000        0.500000       -0.191118E-01    0.843617E-01
    0.700000        0.500000       -0.153334E-01    0.904909E-01
    0.750000        0.500000       -0.114484E-01    0.893392E-01
    0.800000        0.500000       -0.776437E-02    0.812179E-01
    0.850000        0.500000       -0.456540E-02    0.669014E-01
    0.900000        0.500000       -0.209350E-02    0.475629E-01
    0.950000        0.500000       -0.533202E-03    0.246925E-01
     1.00000        0.500000        -0.00000        -0.00000    
     0.00000        0.550000        -0.00000        -0.00000    
    0.500000E-01    0.550000       -0.229143E-02   -0.491943E-01
    0.100000        0.550000       -0.817565E-02   -0.817579E-01
    0.150000        0.550000       -0.162398E-01   -0.989612E-01
    0.200000        0.550000       -0.252068E-01   -0.102598    
    0.250000        0.550000       -0.339761E-01   -0.948680E-01
    0.300000        0.550000       -0.416545E-01   -0.782487E-01
    0.350000        0.550000       -0.475739E-01   -0.553645E-01
    0.400000        0.550000       -0.512994E-01   -0.288554E-01
    0.450000        0.550000       -0.526243E-01   -0.125397E-02
    0.500000        0.550000       -0.515564E-01    0.251275E-01
    0.550000        0.550000       -0.482935E-01    0.482935E-01
    0.600000        0.550000       -0.431924E-01    0.666424E-01
    0.650000        0.550000       -0.367316E-01    0.790226E-01
    0.700000        0.550000       -0.294698E-01    0.847639E-01
    0.750000        0.550000       -0.220031E-01    0.836851E-01
    0.800000        0.550000       -0.149226E-01    0.760778E-01
    0.850000        0.550000       -0.877440E-02    0.626673E-01
    0.900000        0.550000       -0.402358E-02    0.445527E-01
    0.950000        0.550000       -0.102478E-02    0.231298E-01
     1.00000        0.550000        -0.00000        -0.00000    
     0.00000        0.600000        -0.00000        -0.00000    
    0.500000E-01    0.600000       -0.316205E-02   -0.439981E-01
    0.100000        0.600000       -0.112820E-01   -0.731221E-01
    0.150000        0.600000       -0.224101E-01   -0.885083E-01
    0.200000        0.600000       -0.347840E-01   -0.917610E-01
    0.250000        0.600000       -0.468853E-01   -0.848474E-01
    0.300000        0.600000       -0.574810E-01   -0.699836E-01
    0.350000        0.600000       -0.656495E-01   -0.495166E-01
    0.400000        0.600000       -0.707904E-01   -0.258075E-01
    0.450000        0.600000       -0.726188E-01   -0.112152E-02
    0.500000        0.600000       -0.711451E-01    0.224734E-01
    0.550000        0.600000       -0.666424E-01    0.431924E-01
    0.600000        0.600000       -0.596033E-01    0.596033E-01
    0.650000        0.600000       -0.506877E-01    0.706758E-01
    0.700000        0.600000       -0.406667E-01    0.758106E-01
    0.750000        0.600000       -0.303631E-01    0.748457E-01
    0.800000        0.600000       -0.205924E-01    0.680420E-01
    0.850000        0.600000       -0.121082E-01    0.560480E-01
    0.900000        0.600000       -0.555232E-02    0.398468E-01
    0.950000        0.600000       -0.141414E-02    0.206867E-01
     1.00000        0.600000        -0.00000        -0.00000    
     0.00000        0.650000        -0.00000        -0.00000    
    0.500000E-01    0.650000       -0.374946E-02   -0.374168E-01
    0.100000        0.650000       -0.133778E-01   -0.621844E-01
    0.150000        0.650000       -0.265732E-01   -0.752690E-01
    0.200000        0.650000       -0.412458E-01   -0.780352E-01
    0.250000        0.650000       -0.555952E-01   -0.721558E-01
    0.300000        0.650000       -0.681593E-01   -0.595153E-01
    0.350000        0.650000       -0.778453E-01   -0.421098E-01
    0.400000        0.650000       -0.839412E-01   -0.219472E-01
    0.450000        0.650000       -0.861092E-01   -0.953763E-03
    0.500000        0.650000       -0.843617E-01    0.191118E-01
    0.550000        0.650000       -0.790226E-01    0.367316E-01
    0.600000        0.650000       -0.706758E-01    0.506877E-01
    0.650000        0.650000       -0.601040E-01    0.601040E-01
    0.700000        0.650000       -0.482214E-01    0.644707E-01
    0.750000        0.650000       -0.360036E-01    0.636502E-01
    0.800000        0.650000       -0.244179E-01    0.578642E-01
    0.850000        0.650000       -0.143576E-01    0.476643E-01
    0.900000        0.650000       -0.658378E-02    0.338865E-01
    0.950000        0.650000       -0.167685E-02    0.175923E-01
     1.00000        0.650000        -0.00000        -0.00000    
     0.00000        0.700000        -0.00000        -0.00000    
    0.500000E-01    0.700000       -0.402188E-02   -0.300195E-01
    0.100000        0.700000       -0.143498E-01   -0.498905E-01
    0.150000        0.700000       -0.285038E-01   -0.603883E-01
    0.200000        0.700000       -0.442425E-01   -0.626076E-01
    0.250000        0.700000       -0.596344E-01   -0.578906E-01
    0.300000        0.700000       -0.731113E-01   -0.477491E-01
    0.350000        0.700000       -0.835010E-01   -0.337847E-01
    0.400000        0.700000       -0.900398E-01   -0.176082E-01
    0.450000        0.700000       -0.923653E-01   -0.765203E-03
    0.500000        0.700000       -0.904909E-01    0.153334E-01
    0.550000        0.700000       -0.847639E-01    0.294698E-01
    0.600000        0.700000       -0.758106E-01    0.406667E-01
    0.650000        0.700000       -0.644707E-01    0.482214E-01
    0.700000        0.700000       -0.517248E-01    0.517248E-01
    0.750000        0.700000       -0.386194E-01    0.510665E-01
    0.800000        0.700000       -0.261919E-01    0.464244E-01
    0.850000        0.700000       -0.154007E-01    0.382410E-01
    0.900000        0.700000       -0.706212E-02    0.271871E-01
    0.950000        0.700000       -0.179868E-02    0.141143E-01
     1.00000        0.700000        -0.00000        -0.00000    
     0.00000        0.750000        -0.00000        -0.00000    
    0.500000E-01    0.750000       -0.397069E-02   -0.224135E-01
    0.100000        0.750000       -0.141671E-01   -0.372498E-01
    0.150000        0.750000       -0.281410E-01   -0.450878E-01
    0.200000        0.750000       -0.436794E-01   -0.467448E-01
    0.250000        0.750000       -0.588754E-01   -0.432229E-01
    0.300000        0.750000       -0.721808E-01   -0.356510E-01
    0.350000        0.750000       -0.824383E-01   -0.252247E-01
    0.400000        0.750000       -0.888939E-01   -0.131469E-01
    0.450000        0.750000       -0.911898E-01   -0.571325E-03
    0.500000        0.750000       -0.893392E-01    0.114484E-01
    0.550000        0.750000       -0.836851E-01    0.220031E-01
    0.600000        0.750000       -0.748457E-01    0.303631E-01
    0.650000        0.750000       -0.636502E-01    0.360036E-01
    0.700000        0.750000       -0.510665E-01    0.386194E-01
    0.750000        0.750000       -0.381279E-01    0.381279E-01
    0.800000        0.750000       -0.258586E-01    0.346619E-01
    0.850000        0.750000       -0.152047E-01    0.285520E-01
    0.900000        0.750000       -0.697223E-02    0.202987E-01
    0.950000        0.750000       -0.177578E-02    0.105382E-01
     1.00000        0.750000        -0.00000        -0.00000    
     0.00000        0.800000        -0.00000        -0.00000    
    0.500000E-01    0.800000       -0.360974E-02   -0.152010E-01
    0.100000        0.800000       -0.128793E-01   -0.252631E-01
    0.150000        0.800000       -0.255829E-01   -0.305789E-01
    0.200000        0.800000       -0.397088E-01   -0.317026E-01
    0.250000        0.800000       -0.535234E-01   -0.293141E-01
    0.300000        0.800000       -0.656193E-01   -0.241787E-01
    0.350000        0.800000       -0.749443E-01   -0.171075E-01
    0.400000        0.800000       -0.808131E-01   -0.891628E-02
    0.450000        0.800000       -0.829003E-01   -0.387476E-03
    0.500000        0.800000       -0.812179E-01    0.776437E-02
    0.550000        0.800000       -0.760778E-01    0.149226E-01
    0.600000        0.800000       -0.680420E-01    0.205924E-01
    0.650000        0.800000       -0.578642E-01    0.244179E-01
    0.700000        0.800000       -0.464244E-01    0.261919E-01
    0.750000        0.800000       -0.346619E-01    0.258586E-01
    0.800000        0.800000       -0.235079E-01    0.235079E-01
    0.850000        0.800000       -0.138225E-01    0.193641E-01
    0.900000        0.800000       -0.633843E-02    0.137667E-01
    0.950000        0.800000       -0.161436E-02    0.714707E-02
     1.00000        0.800000        -0.00000        -0.00000    
     0.00000        0.850000        -0.00000        -0.00000    
    0.500000E-01    0.850000       -0.297344E-02   -0.893808E-02
    0.100000        0.850000       -0.106090E-01   -0.148545E-01
    0.150000        0.850000       -0.210733E-01   -0.179802E-01
    0.200000        0.850000       -0.327092E-01   -0.186410E-01
    0.250000        0.850000       -0.440887E-01   -0.172365E-01
    0.300000        0.850000       -0.540524E-01   -0.142170E-01
    0.350000        0.850000       -0.617337E-01   -0.100591E-01
    0.400000        0.850000       -0.665679E-01   -0.524272E-02
    0.450000        0.850000       -0.682872E-01   -0.227834E-03
    0.500000        0.850000       -0.669014E-01    0.456540E-02
    0.550000        0.850000       -0.626673E-01    0.877440E-02
    0.600000        0.850000       -0.560480E-01    0.121082E-01
    0.650000        0.850000       -0.476643E-01    0.143576E-01
    0.700000        0.850000       -0.382410E-01    0.154007E-01
    0.750000        0.850000       -0.285520E-01    0.152047E-01
    0.800000        0.850000       -0.193641E-01    0.138225E-01
    0.850000        0.850000       -0.113860E-01    0.113860E-01
    0.900000        0.850000       -0.522114E-02    0.809476E-02
    0.950000        0.850000       -0.132979E-02    0.420244E-02
     1.00000        0.850000        -0.00000        -0.00000    
     0.00000        0.900000        -0.00000        -0.00000    
    0.500000E-01    0.900000       -0.211394E-02   -0.409863E-02
    0.100000        0.900000       -0.754238E-02   -0.681167E-02
    0.150000        0.900000       -0.149819E-01   -0.824496E-02
    0.200000        0.900000       -0.232543E-01   -0.854797E-02
    0.250000        0.900000       -0.313444E-01   -0.790394E-02
    0.300000        0.900000       -0.384280E-01   -0.651930E-02
    0.350000        0.900000       -0.438890E-01   -0.461270E-02
    0.400000        0.900000       -0.473258E-01   -0.240409E-02
    0.450000        0.900000       -0.485481E-01   -0.104475E-03
    0.500000        0.900000       -0.475629E-01    0.209350E-02
    0.550000        0.900000       -0.445527E-01    0.402358E-02
    0.600000        0.900000       -0.398468E-01    0.555232E-02
    0.650000        0.900000       -0.338865E-01    0.658378E-02
    0.700000        0.900000       -0.271871E-01    0.706212E-02
    0.750000        0.900000       -0.202987E-01    0.697223E-02
    0.800000        0.900000       -0.137667E-01    0.633843E-02
    0.850000        0.900000       -0.809476E-02    0.522114E-02
    0.900000        0.900000       -0.371192E-02    0.371192E-02
    0.950000        0.900000       -0.945403E-03    0.192706E-02
     1.00000        0.900000        -0.00000        -0.00000    
     0.00000        0.950000        -0.00000        -0.00000    
    0.500000E-01    0.950000       -0.109746E-02   -0.104390E-02
    0.100000        0.950000       -0.391566E-02   -0.173489E-02
    0.150000        0.950000       -0.777793E-02   -0.209994E-02
    0.200000        0.950000       -0.120726E-01   -0.217711E-02
    0.250000        0.950000       -0.162726E-01   -0.201308E-02
    0.300000        0.950000       -0.199501E-01   -0.166043E-02
    0.350000        0.950000       -0.227852E-01   -0.117483E-02
    0.400000        0.950000       -0.245695E-01   -0.612308E-03
    0.450000        0.950000       -0.252040E-01   -0.266092E-04
    0.500000        0.950000       -0.246925E-01    0.533202E-03
    0.550000        0.950000       -0.231298E-01    0.102478E-02
    0.600000        0.950000       -0.206867E-01    0.141414E-02
    0.650000        0.950000       -0.175923E-01    0.167685E-02
    0.700000        0.950000       -0.141143E-01    0.179868E-02
    0.750000        0.950000       -0.105382E-01    0.177578E-02
    0.800000        0.950000       -0.714707E-02    0.161436E-02
    0.850000        0.950000       -0.420244E-02    0.132979E-02
    0.900000        0.950000       -0.192706E-02    0.945403E-03
    0.950000        0.950000       -0.490811E-03    0.490811E-03
     1.00000        0.950000        -0.00000        -0.00000    
     0.00000         1.00000         0.00000        -0.00000    
    0.500000E-01     1.00000         0.00000        -0.00000    
    0.100000         1.00000         0.00000        -0.00000    
    0.150000         1.00000         0.00000        -0.00000    
    0.200000         1.00000         0.00000        -0.00000    
    0.250000         1.00000         0.00000        -0.00000    
    0.300000         1.00000         0.00000        -0.00000    
    0.350000         1.00000         0.00000        -0.00000    
    0.400000         1.00000         0.00000        -0.00000    
    0.450000         1.00000         0.00000        -0.00000    
    0.500000         1.00000         0.00000         0.00000    
    0.550000         1.00000         0.00000         0.00000    
    0.600000         1.00000         0.00000         0.00000    
    0.650000         1.00000         0.00000         0.00000    
    0.700000         1.00000         0.00000         0.00000    
    0.750000         1.00000         0.00000         0.00000    
    0.800000         1.00000         0.00000         0.00000    
    0.850000         1.00000         0.00000         0.00000    
    0.900000         1.00000         0.00000         0.00000    
    0.950000         1.00000         0.00000         0.00000    
     1.00000         1.00000         0.00000        -0.00000    
