 
TSG_PRB
  FORTRAN90 version
  Test the TSG library.
  Number of Points     29
  Number of Dimensions      2
  Number of Outputs      1
           1   0.0000000000000000        0.0000000000000000     
           2   0.0000000000000000        1.0000000000000000     
           3   0.0000000000000000       -1.0000000000000000     
           4  -1.0000000000000000        1.0000000000000000     
           5   0.0000000000000000        1.0000000000000000     
           6   1.0000000000000000        1.0000000000000000     
           7   0.0000000000000000      -0.50000000000000000     
           8 -0.50000000000000000        1.0000000000000000     
           9   0.0000000000000000       0.50000000000000000     
          10  0.50000000000000000      -0.50000000000000000     
          11   0.0000000000000000        0.0000000000000000     
          12 -0.75000000000000000      -0.50000000000000000     
          13   0.0000000000000000       -1.0000000000000000     
          14 -0.25000000000000000      -0.50000000000000000     
          15   0.0000000000000000        1.0000000000000000     
          16  0.25000000000000000       0.50000000000000000     
          17   0.0000000000000000        0.0000000000000000     
          18  0.75000000000000000       0.50000000000000000     
          19  -1.0000000000000000       -1.0000000000000000     
          20   0.0000000000000000       0.50000000000000000     
          21  -1.0000000000000000        1.0000000000000000     
          22  -1.0000000000000000      -0.75000000000000000     
          23  -1.0000000000000000        0.0000000000000000     
          24   1.0000000000000000      -0.25000000000000000     
          25  -1.0000000000000000        0.0000000000000000     
          26 -0.50000000000000000       0.25000000000000000     
          27  -1.0000000000000000        0.0000000000000000     
          28  0.50000000000000000       0.75000000000000000     
          29   1.0000000000000000        0.0000000000000000     
 
TSG_PRB
  Normal end of execution.
