     23167.0       -0.294482E+40
     23120.7       -0.289803E+40
     23074.3       -0.285190E+40
     23028.0       -0.280640E+40
     22981.7       -0.276154E+40
     22935.3       -0.271732E+40
     22889.0       -0.267371E+40
     22842.6       -0.263071E+40
     22796.3       -0.258833E+40
     22750.0       -0.254654E+40
     22703.6       -0.250534E+40
     22657.3       -0.246473E+40
     22611.0       -0.242469E+40
     22564.6       -0.238522E+40
     22518.3       -0.234632E+40
     22472.0       -0.230797E+40
     22425.6       -0.227018E+40
     22379.3       -0.223292E+40
     22333.0       -0.219621E+40
     22286.6       -0.216002E+40
     22240.3       -0.212435E+40
     22194.0       -0.208920E+40
     22147.6       -0.205456E+40
     22101.3       -0.202043E+40
     22055.0       -0.198679E+40
     22008.6       -0.195364E+40
     21962.3       -0.192098E+40
     21916.0       -0.188879E+40
     21869.6       -0.185708E+40
     21823.3       -0.182584E+40
     21777.0       -0.179506E+40
     21730.6       -0.176473E+40
     21684.3       -0.173485E+40
     21638.0       -0.170541E+40
     21591.6       -0.167642E+40
     21545.3       -0.164785E+40
     21499.0       -0.161971E+40
     21452.6       -0.159200E+40
     21406.3       -0.156469E+40
     21360.0       -0.153780E+40
     21313.6       -0.151132E+40
     21267.3       -0.148523E+40
     21221.0       -0.145954E+40
     21174.6       -0.143424E+40
     21128.3       -0.140933E+40
     21082.0       -0.138479E+40
     21035.6       -0.136063E+40
     20989.3       -0.133684E+40
     20943.0       -0.131341E+40
     20896.6       -0.129034E+40
     20850.3       -0.126763E+40
     20804.0       -0.124527E+40
     20757.6       -0.122325E+40
     20711.3       -0.120158E+40
     20665.0       -0.118024E+40
     20618.6       -0.115923E+40
     20572.3       -0.113856E+40
     20526.0       -0.111820E+40
     20479.6       -0.109817E+40
     20433.3       -0.107845E+40
     20386.9       -0.105904E+40
     20340.6       -0.103993E+40
     20294.3       -0.102113E+40
     20247.9       -0.100263E+40
     20201.6       -0.984422E+39
     20155.3       -0.966503E+39
     20108.9       -0.948870E+39
     20062.6       -0.931520E+39
     20016.3       -0.914447E+39
     19969.9       -0.897649E+39
     19923.6       -0.881122E+39
     19877.3       -0.864861E+39
     19830.9       -0.848864E+39
     19784.6       -0.833126E+39
     19738.3       -0.817644E+39
     19691.9       -0.802415E+39
     19645.6       -0.787434E+39
     19599.3       -0.772698E+39
     19552.9       -0.758205E+39
     19506.6       -0.743949E+39
     19460.3       -0.729929E+39
     19413.9       -0.716141E+39
     19367.6       -0.702581E+39
     19321.3       -0.689246E+39
     19274.9       -0.676133E+39
     19228.6       -0.663239E+39
     19182.3       -0.650561E+39
     19135.9       -0.638095E+39
     19089.6       -0.625839E+39
     19043.3       -0.613789E+39
     18996.9       -0.601943E+39
     18950.6       -0.590297E+39
     18904.3       -0.578849E+39
     18857.9       -0.567596E+39
     18811.6       -0.556534E+39
     18765.3       -0.545662E+39
     18718.9       -0.534976E+39
     18672.6       -0.524473E+39
     18626.3       -0.514152E+39
     18579.9       -0.504008E+39
     18533.6       -0.494040E+39
     18487.3       -0.484245E+39
     18440.9       -0.474621E+39
     18394.6       -0.465164E+39
     18348.3       -0.455872E+39
     18301.9       -0.446743E+39
     18255.6       -0.437775E+39
     18209.3       -0.428965E+39
     18162.9       -0.420310E+39
     18116.6       -0.411808E+39
     18070.2       -0.403457E+39
     18023.9       -0.395255E+39
     17977.6       -0.387199E+39
     17931.2       -0.379287E+39
     17884.9       -0.371516E+39
     17838.6       -0.363886E+39
     17792.2       -0.356393E+39
     17745.9       -0.349035E+39
     17699.6       -0.341811E+39
     17653.2       -0.334717E+39
     17606.9       -0.327753E+39
     17560.6       -0.320916E+39
     17514.2       -0.314204E+39
     17467.9       -0.307616E+39
     17421.6       -0.301148E+39
     17375.2       -0.294800E+39
     17328.9       -0.288569E+39
     17282.6       -0.282454E+39
     17236.2       -0.276452E+39
     17189.9       -0.270562E+39
     17143.6       -0.264783E+39
     17097.2       -0.259111E+39
     17050.9       -0.253547E+39
     17004.6       -0.248087E+39
     16958.2       -0.242730E+39
     16911.9       -0.237475E+39
     16865.6       -0.232319E+39
     16819.2       -0.227262E+39
     16772.9       -0.222301E+39
     16726.6       -0.217436E+39
     16680.2       -0.212664E+39
     16633.9       -0.207983E+39
     16587.6       -0.203393E+39
     16541.2       -0.198892E+39
     16494.9       -0.194479E+39
     16448.6       -0.190151E+39
     16402.2       -0.185908E+39
     16355.9       -0.181748E+39
     16309.6       -0.177669E+39
     16263.2       -0.173671E+39
     16216.9       -0.169752E+39
     16170.6       -0.165910E+39
     16124.2       -0.162145E+39
     16077.9       -0.158455E+39
     16031.6       -0.154838E+39
     15985.2       -0.151294E+39
     15938.9       -0.147821E+39
     15892.6       -0.144418E+39
     15846.2       -0.141084E+39
     15799.9       -0.137817E+39
     15753.6       -0.134617E+39
     15707.2       -0.131482E+39
     15660.9       -0.128411E+39
     15614.5       -0.125402E+39
     15568.2       -0.122456E+39
     15521.9       -0.119571E+39
     15475.5       -0.116745E+39
     15429.2       -0.113978E+39
     15382.9       -0.111268E+39
     15336.5       -0.108615E+39
     15290.2       -0.106017E+39
     15243.9       -0.103474E+39
     15197.5       -0.100985E+39
     15151.2       -0.985476E+38
     15104.9       -0.961622E+38
     15058.5       -0.938275E+38
     15012.2       -0.915425E+38
     14965.9       -0.893064E+38
     14919.5       -0.871183E+38
     14873.2       -0.849772E+38
     14826.9       -0.828822E+38
     14780.5       -0.808326E+38
     14734.2       -0.788275E+38
     14687.9       -0.768661E+38
     14641.5       -0.749475E+38
     14595.2       -0.730709E+38
     14548.9       -0.712356E+38
     14502.5       -0.694407E+38
     14456.2       -0.676855E+38
     14409.9       -0.659693E+38
     14363.5       -0.642912E+38
     14317.2       -0.626507E+38
     14270.9       -0.610469E+38
     14224.5       -0.594791E+38
     14178.2       -0.579466E+38
     14131.9       -0.564489E+38
     14085.5       -0.549851E+38
     14039.2       -0.535546E+38
     13992.9       -0.521568E+38
     13946.5       -0.507910E+38
     13900.2       -0.494567E+38
     13853.9       -0.481531E+38
     13807.5       -0.468796E+38
     13761.2       -0.456357E+38
     13714.9       -0.444208E+38
     13668.5       -0.432343E+38
     13622.2       -0.420757E+38
     13575.9       -0.409443E+38
     13529.5       -0.398396E+38
     13483.2       -0.387610E+38
     13436.9       -0.377081E+38
     13390.5       -0.366803E+38
     13344.2       -0.356771E+38
     13297.9       -0.346980E+38
     13251.5       -0.337425E+38
     13205.2       -0.328101E+38
     13158.8       -0.319003E+38
     13112.5       -0.310127E+38
     13066.2       -0.301467E+38
     13019.8       -0.293020E+38
     12973.5       -0.284781E+38
     12927.2       -0.276745E+38
     12880.8       -0.268908E+38
     12834.5       -0.261266E+38
     12788.2       -0.253815E+38
     12741.8       -0.246551E+38
     12695.5       -0.239469E+38
     12649.2       -0.232565E+38
     12602.8       -0.225837E+38
     12556.5       -0.219279E+38
     12510.2       -0.212889E+38
     12463.8       -0.206662E+38
     12417.5       -0.200595E+38
     12371.2       -0.194684E+38
     12324.8       -0.188927E+38
     12278.5       -0.183319E+38
     12232.2       -0.177857E+38
     12185.8       -0.172538E+38
     12139.5       -0.167359E+38
     12093.2       -0.162316E+38
     12046.8       -0.157407E+38
     12000.5       -0.152628E+38
     11954.2       -0.147977E+38
     11907.8       -0.143450E+38
     11861.5       -0.139045E+38
     11815.2       -0.134759E+38
     11768.8       -0.130588E+38
     11722.5       -0.126531E+38
     11676.2       -0.122585E+38
     11629.8       -0.118747E+38
     11583.5       -0.115014E+38
     11537.2       -0.111385E+38
     11490.8       -0.107856E+38
     11444.5       -0.104425E+38
     11398.2       -0.101091E+38
     11351.8       -0.978494E+37
     11305.5       -0.946995E+37
     11259.2       -0.916387E+37
     11212.8       -0.886647E+37
     11166.5       -0.857756E+37
     11120.2       -0.829692E+37
     11073.8       -0.802434E+37
     11027.5       -0.775964E+37
     10981.2       -0.750260E+37
     10934.8       -0.725305E+37
     10888.5       -0.701079E+37
     10842.1       -0.677564E+37
     10795.8       -0.654742E+37
     10749.5       -0.632595E+37
     10703.1       -0.611107E+37
     10656.8       -0.590260E+37
     10610.5       -0.570038E+37
     10564.1       -0.550425E+37
     10517.8       -0.531405E+37
     10471.5       -0.512963E+37
     10425.1       -0.495083E+37
     10378.8       -0.477750E+37
     10332.5       -0.460951E+37
     10286.1       -0.444672E+37
     10239.8       -0.428897E+37
     10193.5       -0.413614E+37
     10147.1       -0.398810E+37
     10100.8       -0.384472E+37
     10054.5       -0.370587E+37
     10008.1       -0.357142E+37
     9961.80       -0.344127E+37
     9915.47       -0.331528E+37
     9869.14       -0.319335E+37
     9822.80       -0.307536E+37
     9776.47       -0.296120E+37
     9730.13       -0.285076E+37
     9683.80       -0.274395E+37
     9637.47       -0.264066E+37
     9591.13       -0.254078E+37
     9544.80       -0.244423E+37
     9498.46       -0.235090E+37
     9452.13       -0.226070E+37
     9405.80       -0.217355E+37
     9359.46       -0.208935E+37
     9313.13       -0.200802E+37
     9266.79       -0.192947E+37
     9220.46       -0.185363E+37
     9174.13       -0.178040E+37
     9127.79       -0.170972E+37
     9081.46       -0.164151E+37
     9035.12       -0.157569E+37
     8988.79       -0.151219E+37
     8942.46       -0.145095E+37
     8896.12       -0.139188E+37
     8849.79       -0.133493E+37
     8803.45       -0.128003E+37
     8757.12       -0.122711E+37
     8710.79       -0.117612E+37
     8664.45       -0.112699E+37
     8618.12       -0.107967E+37
     8571.79       -0.103409E+37
     8525.45       -0.990209E+36
     8479.12       -0.947965E+36
     8432.78       -0.907306E+36
     8386.45       -0.868181E+36
     8340.12       -0.830540E+36
     8293.78       -0.794335E+36
     8247.45       -0.759518E+36
     8201.11       -0.726045E+36
     8154.78       -0.693869E+36
     8108.45       -0.662948E+36
     8062.11       -0.633239E+36
     8015.78       -0.604702E+36
     7969.44       -0.577297E+36
     7923.11       -0.550985E+36
     7876.78       -0.525728E+36
     7830.44       -0.501490E+36
     7784.11       -0.478235E+36
     7737.77       -0.455930E+36
     7691.44       -0.434540E+36
     7645.11       -0.414033E+36
     7598.77       -0.394378E+36
     7552.44       -0.375545E+36
     7506.10       -0.357503E+36
     7459.77       -0.340224E+36
     7413.44       -0.323681E+36
     7367.10       -0.307846E+36
     7320.77       -0.292692E+36
     7274.43       -0.278196E+36
     7228.10       -0.264331E+36
     7181.77       -0.251075E+36
     7135.43       -0.238405E+36
     7089.10       -0.226297E+36
     7042.76       -0.214731E+36
     6996.43       -0.203686E+36
     6950.10       -0.193140E+36
     6903.76       -0.183076E+36
     6857.43       -0.173474E+36
     6811.09       -0.164315E+36
     6764.76       -0.155582E+36
     6718.43       -0.147258E+36
     6672.09       -0.139327E+36
     6625.76       -0.131771E+36
     6579.42       -0.124577E+36
     6533.09       -0.117729E+36
     6486.76       -0.111212E+36
     6440.42       -0.105013E+36
     6394.09       -0.991189E+35
     6347.75       -0.935162E+35
     6301.42       -0.881925E+35
     6255.09       -0.831359E+35
     6208.75       -0.783349E+35
     6162.42       -0.737782E+35
     6116.08       -0.694551E+35
     6069.75       -0.653554E+35
     6023.42       -0.614690E+35
     5977.08       -0.577863E+35
     5930.75       -0.542981E+35
     5884.41       -0.509956E+35
     5838.08       -0.478702E+35
     5791.75       -0.449137E+35
     5745.41       -0.421182E+35
     5699.08       -0.394762E+35
     5652.74       -0.369803E+35
     5606.41       -0.346236E+35
     5560.08       -0.323994E+35
     5513.74       -0.303013E+35
     5467.41       -0.283230E+35
     5421.07       -0.264586E+35
     5374.74       -0.247026E+35
     5328.41       -0.230493E+35
     5282.07       -0.214937E+35
     5235.74       -0.200308E+35
     5189.41       -0.186557E+35
     5143.07       -0.173640E+35
     5096.74       -0.161512E+35
     5050.40       -0.150131E+35
     5004.07       -0.139459E+35
     4957.74       -0.129457E+35
     4911.40       -0.120087E+35
     4865.07       -0.111317E+35
     4818.73       -0.103113E+35
     4772.40       -0.954420E+34
     4726.07       -0.882754E+34
     4679.73       -0.815842E+34
     4633.40       -0.753411E+34
     4587.06       -0.695200E+34
     4540.73       -0.640964E+34
     4494.40       -0.590467E+34
     4448.06       -0.543485E+34
     4401.73       -0.499808E+34
     4355.39       -0.459233E+34
     4309.06       -0.421571E+34
     4262.73       -0.386639E+34
     4216.39       -0.354266E+34
     4170.06       -0.324291E+34
     4123.72       -0.296559E+34
     4077.39       -0.270924E+34
     4031.06       -0.247250E+34
     3984.72       -0.225406E+34
     3938.39       -0.205269E+34
     3892.05       -0.186725E+34
     3845.72       -0.169663E+34
     3799.39       -0.153982E+34
     3753.05       -0.139583E+34
     3706.72       -0.126377E+34
     3660.38       -0.114277E+34
     3614.05       -0.103203E+34
     3567.72       -0.930803E+33
     3521.38       -0.838369E+33
     3475.05       -0.754068E+33
     3428.71       -0.677280E+33
     3382.38       -0.607423E+33
     3336.05       -0.543954E+33
     3289.71       -0.486365E+33
     3243.38       -0.434183E+33
     3197.04       -0.386967E+33
     3150.71       -0.344307E+33
     3104.38       -0.305820E+33
     3058.04       -0.271151E+33
     3011.71       -0.239971E+33
     2965.37       -0.211975E+33
     2919.04       -0.186879E+33
     2872.71       -0.164422E+33
     2826.37       -0.144363E+33
     2780.04       -0.126479E+33
     2733.70       -0.110564E+33
     2687.37       -0.964304E+32
     2641.04       -0.839032E+32
     2594.70       -0.728238E+32
     2548.37       -0.630463E+32
     2502.03       -0.544374E+32
     2455.70       -0.468751E+32
     2409.37       -0.402485E+32
     2363.03       -0.344566E+32
     2316.70       -0.294075E+32
     2270.36       -0.250180E+32
     2224.03       -0.212129E+32
     2177.70       -0.179241E+32
     2131.36       -0.150904E+32
     2085.03       -0.126568E+32
     2038.69       -0.105737E+32
     1992.36       -0.879704E+31
     1946.03       -0.728727E+31
     1899.69       -0.600927E+31
     1853.36       -0.493186E+31
     1807.02       -0.402741E+31
     1760.69       -0.327156E+31
     1714.36       -0.264287E+31
     1668.02       -0.212255E+31
     1621.69       -0.169416E+31
     1575.36       -0.134343E+31
     1529.02       -0.105795E+31
     1482.69       -0.827030E+30
     1436.35       -0.641477E+30
     1390.02       -0.493426E+30
     1343.69       -0.376182E+30
     1297.35       -0.284077E+30
     1251.02       -0.212343E+30
     1204.68       -0.156988E+30
     1158.35       -0.114696E+30
     1112.02       -0.827300E+29
     1065.68       -0.588485E+29
     1019.35       -0.412314E+29
     973.013       -0.284138E+29
     926.679       -0.192280E+29
     880.345       -0.127537E+29
     834.012       -0.827349E+28
     787.678       -0.523589E+28
     741.344       -0.322282E+28
     695.010       -0.192250E+28
     648.676       -0.110663E+28
     602.342       -0.611422E+27
     556.008       -0.322129E+27
     509.674       -0.160497E+27
     463.340       -0.748207E+26
     417.006       -0.321803E+26
     370.672       -0.125287E+26
     324.338       -0.429904E+25
     278.004       -0.125026E+25
     231.670       -0.290023E+24
     185.336       -0.484704E+23
     139.002       -0.482136E+22
     92.6679       -0.185710E+21
     46.3340       -0.697750E+18
    0.898890-316    0.103834E-10
