     23167.0        0.378612E+39
     23120.7        0.371105E+39
     23074.3        0.363732E+39
     23028.0        0.356492E+39
     22981.7        0.349381E+39
     22935.3        0.342399E+39
     22889.0        0.335542E+39
     22842.6        0.328809E+39
     22796.3        0.322198E+39
     22750.0        0.315707E+39
     22703.6        0.309333E+39
     22657.3        0.303076E+39
     22611.0        0.296933E+39
     22564.6        0.290902E+39
     22518.3        0.284982E+39
     22472.0        0.279170E+39
     22425.6        0.273465E+39
     22379.3        0.267866E+39
     22333.0        0.262369E+39
     22286.6        0.256975E+39
     22240.3        0.251680E+39
     22194.0        0.246484E+39
     22147.6        0.241385E+39
     22101.3        0.236381E+39
     22055.0        0.231470E+39
     22008.6        0.226651E+39
     21962.3        0.221923E+39
     21916.0        0.217284E+39
     21869.6        0.212732E+39
     21823.3        0.208266E+39
     21777.0        0.203885E+39
     21730.6        0.199587E+39
     21684.3        0.195370E+39
     21638.0        0.191234E+39
     21591.6        0.187177E+39
     21545.3        0.183198E+39
     21499.0        0.179295E+39
     21452.6        0.175467E+39
     21406.3        0.171712E+39
     21360.0        0.168030E+39
     21313.6        0.164419E+39
     21267.3        0.160879E+39
     21221.0        0.157407E+39
     21174.6        0.154002E+39
     21128.3        0.150664E+39
     21082.0        0.147391E+39
     21035.6        0.144183E+39
     20989.3        0.141037E+39
     20943.0        0.137954E+39
     20896.6        0.134931E+39
     20850.3        0.131967E+39
     20804.0        0.129063E+39
     20757.6        0.126216E+39
     20711.3        0.123426E+39
     20665.0        0.120691E+39
     20618.6        0.118012E+39
     20572.3        0.115385E+39
     20526.0        0.112812E+39
     20479.6        0.110290E+39
     20433.3        0.107819E+39
     20386.9        0.105398E+39
     20340.6        0.103026E+39
     20294.3        0.100703E+39
     20247.9        0.984262E+38
     20201.6        0.961962E+38
     20155.3        0.940117E+38
     20108.9        0.918719E+38
     20062.6        0.897761E+38
     20016.3        0.877235E+38
     19969.9        0.857131E+38
     19923.6        0.837443E+38
     19877.3        0.818164E+38
     19830.9        0.799284E+38
     19784.6        0.780798E+38
     19738.3        0.762697E+38
     19691.9        0.744975E+38
     19645.6        0.727624E+38
     19599.3        0.710638E+38
     19552.9        0.694009E+38
     19506.6        0.677732E+38
     19460.3        0.661799E+38
     19413.9        0.646203E+38
     19367.6        0.630940E+38
     19321.3        0.616001E+38
     19274.9        0.601382E+38
     19228.6        0.587076E+38
     19182.3        0.573077E+38
     19135.9        0.559379E+38
     19089.6        0.545976E+38
     19043.3        0.532863E+38
     18996.9        0.520034E+38
     18950.6        0.507484E+38
     18904.3        0.495207E+38
     18857.9        0.483198E+38
     18811.6        0.471451E+38
     18765.3        0.459963E+38
     18718.9        0.448727E+38
     18672.6        0.437738E+38
     18626.3        0.426993E+38
     18579.9        0.416485E+38
     18533.6        0.406211E+38
     18487.3        0.396165E+38
     18440.9        0.386343E+38
     18394.6        0.376742E+38
     18348.3        0.367355E+38
     18301.9        0.358179E+38
     18255.6        0.349211E+38
     18209.3        0.340445E+38
     18162.9        0.331877E+38
     18116.6        0.323504E+38
     18070.2        0.315321E+38
     18023.9        0.307326E+38
     17977.6        0.299513E+38
     17931.2        0.291879E+38
     17884.9        0.284421E+38
     17838.6        0.277135E+38
     17792.2        0.270018E+38
     17745.9        0.263065E+38
     17699.6        0.256274E+38
     17653.2        0.249641E+38
     17606.9        0.243163E+38
     17560.6        0.236836E+38
     17514.2        0.230659E+38
     17467.9        0.224626E+38
     17421.6        0.218736E+38
     17375.2        0.212985E+38
     17328.9        0.207371E+38
     17282.6        0.201890E+38
     17236.2        0.196540E+38
     17189.9        0.191318E+38
     17143.6        0.186221E+38
     17097.2        0.181247E+38
     17050.9        0.176393E+38
     17004.6        0.171656E+38
     16958.2        0.167033E+38
     16911.9        0.162523E+38
     16865.6        0.158123E+38
     16819.2        0.153831E+38
     16772.9        0.149643E+38
     16726.6        0.145559E+38
     16680.2        0.141575E+38
     16633.9        0.137689E+38
     16587.6        0.133900E+38
     16541.2        0.130205E+38
     16494.9        0.126602E+38
     16448.6        0.123089E+38
     16402.2        0.119663E+38
     16355.9        0.116324E+38
     16309.6        0.113069E+38
     16263.2        0.109896E+38
     16216.9        0.106804E+38
     16170.6        0.103790E+38
     16124.2        0.100853E+38
     16077.9        0.979906E+37
     16031.6        0.952018E+37
     15985.2        0.924845E+37
     15938.9        0.898373E+37
     15892.6        0.872585E+37
     15846.2        0.847465E+37
     15799.9        0.822998E+37
     15753.6        0.799168E+37
     15707.2        0.775961E+37
     15660.9        0.753363E+37
     15614.5        0.731358E+37
     15568.2        0.709934E+37
     15521.9        0.689076E+37
     15475.5        0.668771E+37
     15429.2        0.649006E+37
     15382.9        0.629769E+37
     15336.5        0.611046E+37
     15290.2        0.592826E+37
     15243.9        0.575096E+37
     15197.5        0.557845E+37
     15151.2        0.541061E+37
     15104.9        0.524733E+37
     15058.5        0.508850E+37
     15012.2        0.493400E+37
     14965.9        0.478375E+37
     14919.5        0.463762E+37
     14873.2        0.449552E+37
     14826.9        0.435735E+37
     14780.5        0.422302E+37
     14734.2        0.409243E+37
     14687.9        0.396548E+37
     14641.5        0.384208E+37
     14595.2        0.372216E+37
     14548.9        0.360561E+37
     14502.5        0.349236E+37
     14456.2        0.338231E+37
     14409.9        0.327540E+37
     14363.5        0.317154E+37
     14317.2        0.307066E+37
     14270.9        0.297267E+37
     14224.5        0.287750E+37
     14178.2        0.278509E+37
     14131.9        0.269536E+37
     14085.5        0.260823E+37
     14039.2        0.252365E+37
     13992.9        0.244155E+37
     13946.5        0.236185E+37
     13900.2        0.228451E+37
     13853.9        0.220945E+37
     13807.5        0.213662E+37
     13761.2        0.206596E+37
     13714.9        0.199741E+37
     13668.5        0.193091E+37
     13622.2        0.186641E+37
     13575.9        0.180386E+37
     13529.5        0.174320E+37
     13483.2        0.168438E+37
     13436.9        0.162735E+37
     13390.5        0.157207E+37
     13344.2        0.151848E+37
     13297.9        0.146655E+37
     13251.5        0.141621E+37
     13205.2        0.136744E+37
     13158.8        0.132019E+37
     13112.5        0.127440E+37
     13066.2        0.123006E+37
     13019.8        0.118710E+37
     12973.5        0.114551E+37
     12927.2        0.110522E+37
     12880.8        0.106622E+37
     12834.5        0.102846E+37
     12788.2        0.991910E+36
     12741.8        0.956532E+36
     12695.5        0.922293E+36
     12649.2        0.889162E+36
     12602.8        0.857105E+36
     12556.5        0.826092E+36
     12510.2        0.796093E+36
     12463.8        0.767078E+36
     12417.5        0.739019E+36
     12371.2        0.711886E+36
     12324.8        0.685653E+36
     12278.5        0.660294E+36
     12232.2        0.635782E+36
     12185.8        0.612091E+36
     12139.5        0.589199E+36
     12093.2        0.567079E+36
     12046.8        0.545710E+36
     12000.5        0.525069E+36
     11954.2        0.505132E+36
     11907.8        0.485880E+36
     11861.5        0.467291E+36
     11815.2        0.449344E+36
     11768.8        0.432020E+36
     11722.5        0.415299E+36
     11676.2        0.399163E+36
     11629.8        0.383594E+36
     11583.5        0.368573E+36
     11537.2        0.354083E+36
     11490.8        0.340109E+36
     11444.5        0.326633E+36
     11398.2        0.313639E+36
     11351.8        0.301112E+36
     11305.5        0.289037E+36
     11259.2        0.277400E+36
     11212.8        0.266187E+36
     11166.5        0.255383E+36
     11120.2        0.244975E+36
     11073.8        0.234950E+36
     11027.5        0.225297E+36
     10981.2        0.216001E+36
     10934.8        0.207053E+36
     10888.5        0.198439E+36
     10842.1        0.190149E+36
     10795.8        0.182172E+36
     10749.5        0.174498E+36
     10703.1        0.167116E+36
     10656.8        0.160016E+36
     10610.5        0.153189E+36
     10564.1        0.146625E+36
     10517.8        0.140315E+36
     10471.5        0.134251E+36
     10425.1        0.128423E+36
     10378.8        0.122825E+36
     10332.5        0.117446E+36
     10286.1        0.112281E+36
     10239.8        0.107321E+36
     10193.5        0.102560E+36
     10147.1        0.979887E+35
     10100.8        0.936021E+35
     10054.5        0.893930E+35
     10008.1        0.853550E+35
     9961.80        0.814819E+35
     9915.47        0.777678E+35
     9869.14        0.742067E+35
     9822.80        0.707930E+35
     9776.47        0.675213E+35
     9730.13        0.643863E+35
     9683.80        0.613830E+35
     9637.47        0.585063E+35
     9591.13        0.557516E+35
     9544.80        0.531141E+35
     9498.46        0.505894E+35
     9452.13        0.481733E+35
     9405.80        0.458615E+35
     9359.46        0.436501E+35
     9313.13        0.415351E+35
     9266.79        0.395128E+35
     9220.46        0.375795E+35
     9174.13        0.357318E+35
     9127.79        0.339663E+35
     9081.46        0.322796E+35
     9035.12        0.306687E+35
     8988.79        0.291306E+35
     8942.46        0.276622E+35
     8896.12        0.262607E+35
     8849.79        0.249235E+35
     8803.45        0.236479E+35
     8757.12        0.224314E+35
     8710.79        0.212715E+35
     8664.45        0.201658E+35
     8618.12        0.191121E+35
     8571.79        0.181083E+35
     8525.45        0.171521E+35
     8479.12        0.162416E+35
     8432.78        0.153749E+35
     8386.45        0.145500E+35
     8340.12        0.137652E+35
     8293.78        0.130186E+35
     8247.45        0.123087E+35
     8201.11        0.116339E+35
     8154.78        0.109925E+35
     8108.45        0.103831E+35
     8062.11        0.980432E+34
     8015.78        0.925472E+34
     7969.44        0.873301E+34
     7923.11        0.823791E+34
     7876.78        0.776822E+34
     7830.44        0.732277E+34
     7784.11        0.690045E+34
     7737.77        0.650017E+34
     7691.44        0.612091E+34
     7645.11        0.576169E+34
     7598.77        0.542155E+34
     7552.44        0.509959E+34
     7506.10        0.479494E+34
     7459.77        0.450677E+34
     7413.44        0.423429E+34
     7367.10        0.397672E+34
     7320.77        0.373333E+34
     7274.43        0.350344E+34
     7228.10        0.328637E+34
     7181.77        0.308148E+34
     7135.43        0.288815E+34
     7089.10        0.270582E+34
     7042.76        0.253391E+34
     6996.43        0.237189E+34
     6950.10        0.221925E+34
     6903.76        0.207552E+34
     6857.43        0.194021E+34
     6811.09        0.181290E+34
     6764.76        0.169316E+34
     6718.43        0.158058E+34
     6672.09        0.147479E+34
     6625.76        0.137541E+34
     6579.42        0.128210E+34
     6533.09        0.119452E+34
     6486.76        0.111237E+34
     6440.42        0.103533E+34
     6394.09        0.963136E+33
     6347.75        0.895501E+33
     6301.42        0.832171E+33
     6255.09        0.772901E+33
     6208.75        0.717458E+33
     6162.42        0.665620E+33
     6116.08        0.617178E+33
     6069.75        0.571932E+33
     6023.42        0.529693E+33
     5977.08        0.490283E+33
     5930.75        0.453532E+33
     5884.41        0.419279E+33
     5838.08        0.387372E+33
     5791.75        0.357668E+33
     5745.41        0.330029E+33
     5699.08        0.304328E+33
     5652.74        0.280442E+33
     5606.41        0.258257E+33
     5560.08        0.237664E+33
     5513.74        0.218561E+33
     5467.41        0.200851E+33
     5421.07        0.184443E+33
     5374.74        0.169252E+33
     5328.41        0.155196E+33
     5282.07        0.142200E+33
     5235.74        0.130191E+33
     5189.41        0.119103E+33
     5143.07        0.108872E+33
     5096.74        0.994393E+32
     5050.40        0.907484E+32
     5004.07        0.827472E+32
     4957.74        0.753866E+32
     4911.40        0.686206E+32
     4865.07        0.624061E+32
     4818.73        0.567028E+32
     4772.40        0.514730E+32
     4726.07        0.466813E+32
     4679.73        0.422950E+32
     4633.40        0.382831E+32
     4587.06        0.346170E+32
     4540.73        0.312700E+32
     4494.40        0.282171E+32
     4448.06        0.254351E+32
     4401.73        0.229024E+32
     4355.39        0.205991E+32
     4309.06        0.185063E+32
     4262.73        0.166069E+32
     4216.39        0.148848E+32
     4170.06        0.133251E+32
     4123.72        0.119140E+32
     4077.39        0.106389E+32
     4031.06        0.948798E+31
     3984.72        0.845033E+31
     3938.39        0.751596E+31
     3892.05        0.667563E+31
     3845.72        0.592082E+31
     3799.39        0.524371E+31
     3753.05        0.463710E+31
     3706.72        0.409440E+31
     3660.38        0.360955E+31
     3614.05        0.317699E+31
     3567.72        0.279166E+31
     3521.38        0.244892E+31
     3475.05        0.214452E+31
     3428.71        0.187461E+31
     3382.38        0.163567E+31
     3336.05        0.142450E+31
     3289.71        0.123818E+31
     3243.38        0.107410E+31
     3197.04        0.929849E+30
     3150.71        0.803274E+30
     3104.38        0.692424E+30
     3058.04        0.595536E+30
     3011.71        0.511025E+30
     2965.37        0.437465E+30
     2919.04        0.373575E+30
     2872.71        0.318210E+30
     2826.37        0.270342E+30
     2780.04        0.229055E+30
     2733.70        0.193532E+30
     2687.37        0.163047E+30
     2641.04        0.136953E+30
     2594.70        0.114680E+30
     2548.37        0.957221E+29
     2502.03        0.796327E+29
     2455.70        0.660195E+29
     2409.37        0.545377E+29
     2363.03        0.448855E+29
     2316.70        0.367989E+29
     2270.36        0.300479E+29
     2224.03        0.244328E+29
     2177.70        0.197804E+29
     2131.36        0.159410E+29
     2085.03        0.127859E+29
     2038.69        0.102043E+29
     1992.36        0.810173E+28
     1946.03        0.639742E+28
     1899.69        0.502286E+28
     1853.36        0.392006E+28
     1807.02        0.304016E+28
     1760.69        0.234219E+28
     1714.36        0.179190E+28
     1668.02        0.136083E+28
     1621.69        0.102544E+28
     1575.36        0.766374E+27
     1529.02        0.567775E+27
     1482.69        0.416758E+27
     1436.35        0.302904E+27
     1390.02        0.217851E+27
     1343.69        0.154929E+27
     1297.35        0.108864E+27
     1251.02        0.755139E+26
     1204.68        0.516582E+26
     1158.35        0.348131E+26
     1112.02        0.230835E+26
     1065.68        0.150389E+26
     1019.35        0.961162E+25
     973.013        0.601540E+25
     926.679        0.367894E+25
     880.345        0.219349E+25
     834.012        0.127144E+25
     787.678        0.714156E+24
     741.344        0.387213E+24
     695.010        0.201728E+24
     648.676        0.100420E+24
     602.342        0.474403E+23
     556.008        0.210889E+23
     509.674        0.872721E+22
     463.340        0.331577E+22
     417.006        0.113557E+22
     370.672        0.341911E+21
     324.338        0.873736E+20
     278.004        0.179892E+20
     231.670        0.275028E+19
     185.336        0.271759E+18
     139.002        0.132940E+17
     92.6679        0.172398E+15
     46.3340        0.646857E+11
    0.898890-316    0.268443E-08
