     23167.0        0.582827E+54
     23120.7        0.570132E+54
     23074.3        0.557689E+54
     23028.0        0.545494E+54
     22981.7        0.533541E+54
     22935.3        0.521827E+54
     22889.0        0.510348E+54
     22842.6        0.499098E+54
     22796.3        0.488074E+54
     22750.0        0.477272E+54
     22703.6        0.466688E+54
     22657.3        0.456317E+54
     22611.0        0.446157E+54
     22564.6        0.436203E+54
     22518.3        0.426450E+54
     22472.0        0.416897E+54
     22425.6        0.407538E+54
     22379.3        0.398371E+54
     22333.0        0.389392E+54
     22286.6        0.380597E+54
     22240.3        0.371983E+54
     22194.0        0.363547E+54
     22147.6        0.355285E+54
     22101.3        0.347194E+54
     22055.0        0.339270E+54
     22008.6        0.331512E+54
     21962.3        0.323915E+54
     21916.0        0.316477E+54
     21869.6        0.309194E+54
     21823.3        0.302064E+54
     21777.0        0.295084E+54
     21730.6        0.288251E+54
     21684.3        0.281562E+54
     21638.0        0.275014E+54
     21591.6        0.268605E+54
     21545.3        0.262332E+54
     21499.0        0.256193E+54
     21452.6        0.250185E+54
     21406.3        0.244304E+54
     21360.0        0.238550E+54
     21313.6        0.232919E+54
     21267.3        0.227410E+54
     21221.0        0.222019E+54
     21174.6        0.216744E+54
     21128.3        0.211584E+54
     21082.0        0.206536E+54
     21035.6        0.201597E+54
     20989.3        0.196766E+54
     20943.0        0.192040E+54
     20896.6        0.187418E+54
     20850.3        0.182897E+54
     20804.0        0.178476E+54
     20757.6        0.174152E+54
     20711.3        0.169923E+54
     20665.0        0.165788E+54
     20618.6        0.161745E+54
     20572.3        0.157791E+54
     20526.0        0.153926E+54
     20479.6        0.150146E+54
     20433.3        0.146452E+54
     20386.9        0.142840E+54
     20340.6        0.139309E+54
     20294.3        0.135858E+54
     20247.9        0.132485E+54
     20201.6        0.129188E+54
     20155.3        0.125965E+54
     20108.9        0.122816E+54
     20062.6        0.119739E+54
     20016.3        0.116732E+54
     19969.9        0.113794E+54
     19923.6        0.110923E+54
     19877.3        0.108118E+54
     19830.9        0.105378E+54
     19784.6        0.102701E+54
     19738.3        0.100086E+54
     19691.9        0.975322E+53
     19645.6        0.950373E+53
     19599.3        0.926006E+53
     19552.9        0.902208E+53
     19506.6        0.878967E+53
     19460.3        0.856272E+53
     19413.9        0.834111E+53
     19367.6        0.812473E+53
     19321.3        0.791346E+53
     19274.9        0.770719E+53
     19228.6        0.750583E+53
     19182.3        0.730926E+53
     19135.9        0.711738E+53
     19089.6        0.693009E+53
     19043.3        0.674729E+53
     18996.9        0.656889E+53
     18950.6        0.639479E+53
     18904.3        0.622489E+53
     18857.9        0.605910E+53
     18811.6        0.589734E+53
     18765.3        0.573951E+53
     18718.9        0.558553E+53
     18672.6        0.543532E+53
     18626.3        0.528879E+53
     18579.9        0.514586E+53
     18533.6        0.500645E+53
     18487.3        0.487048E+53
     18440.9        0.473787E+53
     18394.6        0.460856E+53
     18348.3        0.448246E+53
     18301.9        0.435951E+53
     18255.6        0.423963E+53
     18209.3        0.412276E+53
     18162.9        0.400882E+53
     18116.6        0.389775E+53
     18070.2        0.378949E+53
     18023.9        0.368396E+53
     17977.6        0.358112E+53
     17931.2        0.348089E+53
     17884.9        0.338322E+53
     17838.6        0.328804E+53
     17792.2        0.319531E+53
     17745.9        0.310496E+53
     17699.6        0.301694E+53
     17653.2        0.293119E+53
     17606.9        0.284767E+53
     17560.6        0.276631E+53
     17514.2        0.268707E+53
     17467.9        0.260990E+53
     17421.6        0.253475E+53
     17375.2        0.246158E+53
     17328.9        0.239033E+53
     17282.6        0.232096E+53
     17236.2        0.225342E+53
     17189.9        0.218767E+53
     17143.6        0.212368E+53
     17097.2        0.206139E+53
     17050.9        0.200076E+53
     17004.6        0.194176E+53
     16958.2        0.188435E+53
     16911.9        0.182848E+53
     16865.6        0.177413E+53
     16819.2        0.172124E+53
     16772.9        0.166980E+53
     16726.6        0.161975E+53
     16680.2        0.157108E+53
     16633.9        0.152373E+53
     16587.6        0.147769E+53
     16541.2        0.143291E+53
     16494.9        0.138938E+53
     16448.6        0.134704E+53
     16402.2        0.130589E+53
     16355.9        0.126588E+53
     16309.6        0.122698E+53
     16263.2        0.118918E+53
     16216.9        0.115244E+53
     16170.6        0.111673E+53
     16124.2        0.108203E+53
     16077.9        0.104832E+53
     16031.6        0.101556E+53
     15985.2        0.983738E+52
     15938.9        0.952824E+52
     15892.6        0.922794E+52
     15846.2        0.893628E+52
     15799.9        0.865302E+52
     15753.6        0.837795E+52
     15707.2        0.811085E+52
     15660.9        0.785151E+52
     15614.5        0.759974E+52
     15568.2        0.735532E+52
     15521.9        0.711807E+52
     15475.5        0.688780E+52
     15429.2        0.666432E+52
     15382.9        0.644746E+52
     15336.5        0.623703E+52
     15290.2        0.603286E+52
     15243.9        0.583478E+52
     15197.5        0.564263E+52
     15151.2        0.545626E+52
     15104.9        0.527549E+52
     15058.5        0.510019E+52
     15012.2        0.493020E+52
     14965.9        0.476538E+52
     14919.5        0.460558E+52
     14873.2        0.445067E+52
     14826.9        0.430050E+52
     14780.5        0.415496E+52
     14734.2        0.401391E+52
     14687.9        0.387723E+52
     14641.5        0.374479E+52
     14595.2        0.361648E+52
     14548.9        0.349217E+52
     14502.5        0.337177E+52
     14456.2        0.325514E+52
     14409.9        0.314220E+52
     14363.5        0.303283E+52
     14317.2        0.292693E+52
     14270.9        0.282441E+52
     14224.5        0.272516E+52
     14178.2        0.262909E+52
     14131.9        0.253611E+52
     14085.5        0.244613E+52
     14039.2        0.235906E+52
     13992.9        0.227481E+52
     13946.5        0.219332E+52
     13900.2        0.211448E+52
     13853.9        0.203823E+52
     13807.5        0.196448E+52
     13761.2        0.189317E+52
     13714.9        0.182423E+52
     13668.5        0.175757E+52
     13622.2        0.169313E+52
     13575.9        0.163085E+52
     13529.5        0.157066E+52
     13483.2        0.151249E+52
     13436.9        0.145629E+52
     13390.5        0.140199E+52
     13344.2        0.134954E+52
     13297.9        0.129888E+52
     13251.5        0.124996E+52
     13205.2        0.120272E+52
     13158.8        0.115710E+52
     13112.5        0.111306E+52
     13066.2        0.107056E+52
     13019.8        0.102953E+52
     12973.5        0.989938E+51
     12927.2        0.951735E+51
     12880.8        0.914876E+51
     12834.5        0.879320E+51
     12788.2        0.845025E+51
     12741.8        0.811950E+51
     12695.5        0.780056E+51
     12649.2        0.749305E+51
     12602.8        0.719660E+51
     12556.5        0.691086E+51
     12510.2        0.663546E+51
     12463.8        0.637008E+51
     12417.5        0.611438E+51
     12371.2        0.586805E+51
     12324.8        0.563077E+51
     12278.5        0.540224E+51
     12232.2        0.518218E+51
     12185.8        0.497030E+51
     12139.5        0.476633E+51
     12093.2        0.456999E+51
     12046.8        0.438103E+51
     12000.5        0.419920E+51
     11954.2        0.402426E+51
     11907.8        0.385597E+51
     11861.5        0.369410E+51
     11815.2        0.353844E+51
     11768.8        0.338876E+51
     11722.5        0.324486E+51
     11676.2        0.310653E+51
     11629.8        0.297359E+51
     11583.5        0.284583E+51
     11537.2        0.272309E+51
     11490.8        0.260518E+51
     11444.5        0.249193E+51
     11398.2        0.238317E+51
     11351.8        0.227875E+51
     11305.5        0.217850E+51
     11259.2        0.208228E+51
     11212.8        0.198993E+51
     11166.5        0.190133E+51
     11120.2        0.181632E+51
     11073.8        0.173479E+51
     11027.5        0.165659E+51
     10981.2        0.158162E+51
     10934.8        0.150974E+51
     10888.5        0.144084E+51
     10842.1        0.137481E+51
     10795.8        0.131155E+51
     10749.5        0.125094E+51
     10703.1        0.119289E+51
     10656.8        0.113730E+51
     10610.5        0.108408E+51
     10564.1        0.103313E+51
     10517.8        0.984360E+50
     10471.5        0.937697E+50
     10425.1        0.893053E+50
     10378.8        0.850350E+50
     10332.5        0.809512E+50
     10286.1        0.770464E+50
     10239.8        0.733136E+50
     10193.5        0.697460E+50
     10147.1        0.663369E+50
     10100.8        0.630799E+50
     10054.5        0.599690E+50
     10008.1        0.569982E+50
     9961.80        0.541617E+50
     9915.47        0.514542E+50
     9869.14        0.488703E+50
     9822.80        0.464049E+50
     9776.47        0.440531E+50
     9730.13        0.418102E+50
     9683.80        0.396715E+50
     9637.47        0.376328E+50
     9591.13        0.356897E+50
     9544.80        0.338383E+50
     9498.46        0.320747E+50
     9452.13        0.303949E+50
     9405.80        0.287956E+50
     9359.46        0.272731E+50
     9313.13        0.258242E+50
     9266.79        0.244455E+50
     9220.46        0.231341E+50
     9174.13        0.218870E+50
     9127.79        0.207013E+50
     9081.46        0.195743E+50
     9035.12        0.185033E+50
     8988.79        0.174859E+50
     8942.46        0.165196E+50
     8896.12        0.156021E+50
     8849.79        0.147311E+50
     8803.45        0.139046E+50
     8757.12        0.131205E+50
     8710.79        0.123767E+50
     8664.45        0.116715E+50
     8618.12        0.110030E+50
     8571.79        0.103695E+50
     8525.45        0.976935E+49
     8479.12        0.920093E+49
     8432.78        0.866273E+49
     8386.45        0.815331E+49
     8340.12        0.767127E+49
     8293.78        0.721528E+49
     8247.45        0.678406E+49
     8201.11        0.637640E+49
     8154.78        0.599113E+49
     8108.45        0.562715E+49
     8062.11        0.528337E+49
     8015.78        0.495880E+49
     7969.44        0.465246E+49
     7923.11        0.436342E+49
     7876.78        0.409080E+49
     7830.44        0.383375E+49
     7784.11        0.359147E+49
     7737.77        0.336319E+49
     7691.44        0.314817E+49
     7645.11        0.294573E+49
     7598.77        0.275519E+49
     7552.44        0.257593E+49
     7506.10        0.240733E+49
     7459.77        0.224882E+49
     7413.44        0.209986E+49
     7367.10        0.195992E+49
     7320.77        0.182851E+49
     7274.43        0.170516E+49
     7228.10        0.158943E+49
     7181.77        0.148087E+49
     7135.43        0.137911E+49
     7089.10        0.128373E+49
     7042.76        0.119440E+49
     6996.43        0.111075E+49
     6950.10        0.103246E+49
     6903.76        0.959221E+48
     6857.43        0.890735E+48
     6811.09        0.826723E+48
     6764.76        0.766922E+48
     6718.43        0.711079E+48
     6672.09        0.658957E+48
     6625.76        0.610332E+48
     6579.42        0.564991E+48
     6533.09        0.522733E+48
     6486.76        0.483368E+48
     6440.42        0.446717E+48
     6394.09        0.412610E+48
     6347.75        0.380887E+48
     6301.42        0.351397E+48
     6255.09        0.323997E+48
     6208.75        0.298554E+48
     6162.42        0.274940E+48
     6116.08        0.253036E+48
     6069.75        0.232731E+48
     6023.42        0.213918E+48
     5977.08        0.196497E+48
     5930.75        0.180376E+48
     5884.41        0.165467E+48
     5838.08        0.151686E+48
     5791.75        0.138957E+48
     5745.41        0.127206E+48
     5699.08        0.116366E+48
     5652.74        0.106372E+48
     5606.41        0.971647E+47
     5560.08        0.886877E+47
     5513.74        0.808884E+47
     5467.41        0.737177E+47
     5421.07        0.671296E+47
     5374.74        0.610812E+47
     5328.41        0.555323E+47
     5282.07        0.504456E+47
     5235.74        0.457860E+47
     5189.41        0.415210E+47
     5143.07        0.376203E+47
     5096.74        0.340556E+47
     5050.40        0.308007E+47
     5004.07        0.278311E+47
     4957.74        0.251241E+47
     4911.40        0.226587E+47
     4865.07        0.204151E+47
     4818.73        0.183754E+47
     4772.40        0.165226E+47
     4726.07        0.148413E+47
     4679.73        0.133169E+47
     4633.40        0.119363E+47
     4587.06        0.106870E+47
     4540.73        0.955777E+46
     4494.40        0.853805E+46
     4448.06        0.761821E+46
     4401.73        0.678937E+46
     4355.39        0.604332E+46
     4309.06        0.537257E+46
     4262.73        0.477019E+46
     4216.39        0.422985E+46
     4170.06        0.374574E+46
     4123.72        0.331253E+46
     4077.39        0.292536E+46
     4031.06        0.257977E+46
     3984.72        0.227171E+46
     3938.39        0.199746E+46
     3892.05        0.175365E+46
     3845.72        0.153719E+46
     3799.39        0.134531E+46
     3753.05        0.117545E+46
     3706.72        0.102532E+46
     3660.38        0.892827E+45
     3614.05        0.776087E+45
     3567.72        0.673391E+45
     3521.38        0.583202E+45
     3475.05        0.504131E+45
     3428.71        0.434929E+45
     3382.38        0.374473E+45
     3336.05        0.321756E+45
     3289.71        0.275874E+45
     3243.38        0.236020E+45
     3197.04        0.201470E+45
     3150.71        0.171580E+45
     3104.38        0.145778E+45
     3058.04        0.123553E+45
     3011.71        0.104452E+45
     2965.37        0.880743E+44
     2919.04        0.740654E+44
     2872.71        0.621124E+44
     2826.37        0.519395E+44
     2780.04        0.433045E+44
     2733.70        0.359950E+44
     2687.37        0.298248E+44
     2641.04        0.246316E+44
     2594.70        0.202739E+44
     2548.37        0.166287E+44
     2502.03        0.135894E+44
     2455.70        0.110638E+44
     2409.37        0.897235E+43
     2363.03        0.724672E+43
     2316.70        0.582827E+43
     2270.36        0.466688E+43
     2224.03        0.371983E+43
     2177.70        0.295084E+43
     2131.36        0.232919E+43
     2085.03        0.182897E+43
     2038.69        0.142840E+43
     1992.36        0.110923E+43
     1946.03        0.856272E+42
     1899.69        0.656889E+42
     1853.36        0.500644E+42
     1807.02        0.378948E+42
     1760.69        0.284766E+42
     1714.36        0.212368E+42
     1668.02        0.157107E+42
     1621.69        0.115244E+42
     1575.36        0.837794E+41
     1529.02        0.603285E+41
     1482.69        0.430050E+41
     1436.35        0.303283E+41
     1390.02        0.211448E+41
     1343.69        0.145629E+41
     1297.35        0.989937E+40
     1251.02        0.663545E+40
     1204.68        0.438103E+40
     1158.35        0.284583E+40
     1112.02        0.181632E+40
     1065.68        0.113730E+40
     1019.35        0.697458E+39
     973.013        0.418101E+39
     926.679        0.244455E+39
     880.345        0.139046E+39
     834.012        0.767124E+38
     787.678        0.409078E+38
     741.344        0.209985E+38
     695.010        0.103246E+38
     648.676        0.483366E+37
     602.342        0.213916E+37
     556.008        0.886871E+36
     509.674        0.340554E+36
     463.340        0.119362E+36
     417.006        0.374569E+35
     370.672        0.102530E+35
     324.338        0.236015E+34
     278.004        0.433033E+33
     231.670        0.582803E+32
     185.336        0.500612E+31
     139.002        0.211424E+30
     92.6679        0.244393E+28
     46.3340        0.119241E+25
    0.898890-316    0.403668E-11
