     23167.0        0.537717E+80
     23120.7        0.488301E+80
     23074.3        0.443341E+80
     23028.0        0.402442E+80
     22981.7        0.365244E+80
     22935.3        0.331419E+80
     22889.0        0.300667E+80
     22842.6        0.272715E+80
     22796.3        0.247312E+80
     22750.0        0.224231E+80
     22703.6        0.203263E+80
     22657.3        0.184218E+80
     22611.0        0.166924E+80
     22564.6        0.151223E+80
     22518.3        0.136971E+80
     22472.0        0.124036E+80
     22425.6        0.112300E+80
     22379.3        0.101654E+80
     22333.0        0.919973E+79
     22286.6        0.832409E+79
     22240.3        0.753021E+79
     22194.0        0.681062E+79
     22147.6        0.615849E+79
     22101.3        0.556763E+79
     22055.0        0.503238E+79
     22008.6        0.454762E+79
     21962.3        0.410867E+79
     21916.0        0.371130E+79
     21869.6        0.335163E+79
     21823.3        0.302615E+79
     21777.0        0.273169E+79
     21730.6        0.246534E+79
     21684.3        0.222448E+79
     21638.0        0.200670E+79
     21591.6        0.180984E+79
     21545.3        0.163192E+79
     21499.0        0.147117E+79
     21452.6        0.132596E+79
     21406.3        0.119480E+79
     21360.0        0.107638E+79
     21313.6        0.969475E+78
     21267.3        0.872986E+78
     21221.0        0.785920E+78
     21174.6        0.707374E+78
     21128.3        0.636530E+78
     21082.0        0.572648E+78
     21035.6        0.515057E+78
     20989.3        0.463149E+78
     20943.0        0.416374E+78
     20896.6        0.374234E+78
     20850.3        0.336279E+78
     20804.0        0.302101E+78
     20757.6        0.271331E+78
     20711.3        0.243637E+78
     20665.0        0.218716E+78
     20618.6        0.196297E+78
     20572.3        0.176132E+78
     20526.0        0.158001E+78
     20479.6        0.141700E+78
     20433.3        0.127050E+78
     20386.9        0.113886E+78
     20340.6        0.102061E+78
     20294.3        0.914400E+77
     20247.9        0.819040E+77
     20201.6        0.733438E+77
     20155.3        0.656615E+77
     20108.9        0.587688E+77
     20062.6        0.525862E+77
     20016.3        0.470418E+77
     19969.9        0.420710E+77
     19923.6        0.376157E+77
     19877.3        0.336234E+77
     19830.9        0.300469E+77
     19784.6        0.268437E+77
     19738.3        0.239756E+77
     19691.9        0.214083E+77
     19645.6        0.191107E+77
     19599.3        0.170551E+77
     19552.9        0.152165E+77
     19506.6        0.135724E+77
     19460.3        0.121026E+77
     19413.9        0.107890E+77
     19367.6        0.961539E+76
     19321.3        0.856703E+76
     19274.9        0.763084E+76
     19228.6        0.679505E+76
     19182.3        0.604910E+76
     19135.9        0.538351E+76
     19089.6        0.478980E+76
     19043.3        0.426035E+76
     18996.9        0.378833E+76
     18950.6        0.336764E+76
     18904.3        0.299279E+76
     18857.9        0.265890E+76
     18811.6        0.236156E+76
     18765.3        0.209686E+76
     18718.9        0.186128E+76
     18672.6        0.165167E+76
     18626.3        0.146523E+76
     18579.9        0.129945E+76
     18533.6        0.115207E+76
     18487.3        0.102110E+76
     18440.9        0.904745E+75
     18394.6        0.801402E+75
     18348.3        0.709644E+75
     18301.9        0.628198E+75
     18255.6        0.555926E+75
     18209.3        0.491815E+75
     18162.9        0.434961E+75
     18116.6        0.384558E+75
     18070.2        0.339887E+75
     18023.9        0.300310E+75
     17977.6        0.265256E+75
     17931.2        0.234218E+75
     17884.9        0.206745E+75
     17838.6        0.182435E+75
     17792.2        0.160930E+75
     17745.9        0.141914E+75
     17699.6        0.125104E+75
     17653.2        0.110248E+75
     17606.9        0.971231E+74
     17560.6        0.855324E+74
     17514.2        0.752994E+74
     17467.9        0.662682E+74
     17421.6        0.583002E+74
     17375.2        0.512726E+74
     17328.9        0.450766E+74
     17282.6        0.396156E+74
     17236.2        0.348040E+74
     17189.9        0.305661E+74
     17143.6        0.268347E+74
     17097.2        0.235505E+74
     17050.9        0.206608E+74
     17004.6        0.181192E+74
     16958.2        0.158846E+74
     16911.9        0.139205E+74
     16865.6        0.121947E+74
     16819.2        0.106791E+74
     16772.9        0.934830E+73
     16726.6        0.818034E+73
     16680.2        0.715563E+73
     16633.9        0.625694E+73
     16587.6        0.546905E+73
     16541.2        0.477856E+73
     16494.9        0.417365E+73
     16448.6        0.364392E+73
     16402.2        0.318020E+73
     16355.9        0.277441E+73
     16309.6        0.241945E+73
     16263.2        0.210908E+73
     16216.9        0.183780E+73
     16170.6        0.160078E+73
     16124.2        0.139377E+73
     16077.9        0.121304E+73
     16031.6        0.105532E+73
     15985.2        0.917733E+72
     15938.9        0.797759E+72
     15892.6        0.693183E+72
     15846.2        0.602066E+72
     15799.9        0.522709E+72
     15753.6        0.453622E+72
     15707.2        0.393501E+72
     15660.9        0.341203E+72
     15614.5        0.295730E+72
     15568.2        0.256207E+72
     15521.9        0.221870E+72
     15475.5        0.192052E+72
     15429.2        0.166169E+72
     15382.9        0.143711E+72
     15336.5        0.124233E+72
     15290.2        0.107348E+72
     15243.9        0.927156E+71
     15197.5        0.800420E+71
     15151.2        0.690695E+71
     15104.9        0.595740E+71
     15058.5        0.513604E+71
     15012.2        0.442587E+71
     14965.9        0.381214E+71
     14919.5        0.328197E+71
     14873.2        0.282421E+71
     14826.9        0.242915E+71
     14780.5        0.208835E+71
     14734.2        0.179451E+71
     14687.9        0.154127E+71
     14641.5        0.132312E+71
     14595.2        0.113530E+71
     14548.9        0.973658E+70
     14502.5        0.834618E+70
     14456.2        0.715077E+70
     14409.9        0.612351E+70
     14363.5        0.524118E+70
     14317.2        0.448371E+70
     14270.9        0.383375E+70
     14224.5        0.327632E+70
     14178.2        0.279849E+70
     14131.9        0.238911E+70
     14085.5        0.203854E+70
     14039.2        0.173849E+70
     13992.9        0.148182E+70
     13946.5        0.126237E+70
     13900.2        0.107484E+70
     13853.9        0.914671E+69
     13807.5        0.777945E+69
     13761.2        0.661293E+69
     13714.9        0.561822E+69
     13668.5        0.477047E+69
     13622.2        0.404837E+69
     13575.9        0.343362E+69
     13529.5        0.291057E+69
     13483.2        0.246579E+69
     13436.9        0.208777E+69
     13390.5        0.176667E+69
     13344.2        0.149409E+69
     13297.9        0.126282E+69
     13251.5        0.106671E+69
     13205.2        0.900518E+68
     13158.8        0.759762E+68
     13112.5        0.640618E+68
     13066.2        0.539828E+68
     13019.8        0.454616E+68
     12973.5        0.382618E+68
     12927.2        0.321821E+68
     12880.8        0.270514E+68
     12834.5        0.227244E+68
     12788.2        0.190773E+68
     12741.8        0.160052E+68
     12695.5        0.134191E+68
     12649.2        0.112436E+68
     12602.8        0.941458E+67
     12556.5        0.787787E+67
     12510.2        0.658760E+67
     12463.8        0.550496E+67
     12417.5        0.459713E+67
     12371.2        0.383639E+67
     12324.8        0.319934E+67
     12278.5        0.266623E+67
     12232.2        0.222040E+67
     12185.8        0.184782E+67
     12139.5        0.153667E+67
     12093.2        0.127700E+67
     12046.8        0.106045E+67
     12000.5        0.879977E+66
     11954.2        0.729687E+66
     11907.8        0.604619E+66
     11861.5        0.500615E+66
     11815.2        0.414192E+66
     11768.8        0.342430E+66
     11722.5        0.282885E+66
     11676.2        0.233516E+66
     11629.8        0.192614E+66
     11583.5        0.158752E+66
     11537.2        0.130740E+66
     11490.8        0.107586E+66
     11444.5        0.884618E+65
     11398.2        0.726784E+65
     11351.8        0.596627E+65
     11305.5        0.489378E+65
     11259.2        0.401077E+65
     11212.8        0.328435E+65
     11166.5        0.268724E+65
     11120.2        0.219682E+65
     11073.8        0.179438E+65
     11027.5        0.146439E+65
     10981.2        0.119406E+65
     10934.8        0.972774E+64
     10888.5        0.791799E+64
     10842.1        0.643918E+64
     10795.8        0.523186E+64
     10749.5        0.424705E+64
     10703.1        0.344446E+64
     10656.8        0.279096E+64
     10610.5        0.225935E+64
     10564.1        0.182727E+64
     10517.8        0.147643E+64
     10471.5        0.119181E+64
     10425.1        0.961124E+63
     10378.8        0.774337E+63
     10332.5        0.623239E+63
     10286.1        0.501127E+63
     10239.8        0.402537E+63
     10193.5        0.323017E+63
     10147.1        0.258942E+63
     10100.8        0.207363E+63
     10054.5        0.165886E+63
     10008.1        0.132566E+63
     9961.80        0.105827E+63
     9915.47        0.843906E+62
     9869.14        0.672239E+62
     9822.80        0.534910E+62
     9776.47        0.425167E+62
     9730.13        0.337564E+62
     9683.80        0.267710E+62
     9637.47        0.212071E+62
     9591.13        0.167804E+62
     9544.80        0.132624E+62
     9498.46        0.104697E+62
     9452.13        0.825531E+61
     9405.80        0.650155E+61
     9359.46        0.511420E+61
     9313.13        0.401801E+61
     9266.79        0.315291E+61
     9220.46        0.247100E+61
     9174.13        0.193416E+61
     9127.79        0.151203E+61
     9081.46        0.118052E+61
     9035.12        0.920502E+60
     8988.79        0.716819E+60
     8942.46        0.557470E+60
     8896.12        0.432966E+60
     8849.79        0.335815E+60
     8803.45        0.260109E+60
     8757.12        0.201192E+60
     8710.79        0.155405E+60
     8664.45        0.119868E+60
     8618.12        0.923265E+59
     8571.79        0.710107E+59
     8525.45        0.545367E+59
     8479.12        0.418230E+59
     8432.78        0.320254E+59
     8386.45        0.244862E+59
     8340.12        0.186933E+59
     8293.78        0.142490E+59
     8247.45        0.108443E+59
     8201.11        0.824022E+58
     8154.78        0.625147E+58
     8108.45        0.473506E+58
     8062.11        0.358063E+58
     8015.78        0.270319E+58
     7969.44        0.203736E+58
     7923.11        0.153294E+58
     7876.78        0.115143E+58
     7830.44        0.863373E+57
     7784.11        0.646246E+57
     7737.77        0.482865E+57
     7691.44        0.360141E+57
     7645.11        0.268120E+57
     7598.77        0.199244E+57
     7552.44        0.147785E+57
     7506.10        0.109410E+57
     7459.77        0.808443E+56
     7413.44        0.596212E+56
     7367.10        0.438832E+56
     7320.77        0.322353E+56
     7274.43        0.236314E+56
     7228.10        0.172886E+56
     7181.77        0.126221E+56
     7135.43        0.919580E+55
     7089.10        0.668536E+55
     7042.76        0.484980E+55
     6996.43        0.351054E+55
     6950.10        0.253549E+55
     6903.76        0.182715E+55
     6857.43        0.131370E+55
     6811.09        0.942356E+54
     6764.76        0.674398E+54
     6718.43        0.481487E+54
     6672.09        0.342930E+54
     6625.76        0.243649E+54
     6579.42        0.172681E+54
     6533.09        0.122076E+54
     6486.76        0.860808E+53
     6440.42        0.605417E+53
     6394.09        0.424677E+53
     6347.75        0.297099E+53
     6301.42        0.207283E+53
     6255.09        0.144221E+53
     6208.75        0.100064E+53
     6162.42        0.692295E+52
     6116.08        0.477583E+52
     6069.75        0.328496E+52
     6023.42        0.225277E+52
     5977.08        0.154023E+52
     5930.75        0.104982E+52
     5884.41        0.713318E+51
     5838.08        0.483134E+51
     5791.75        0.326171E+51
     5745.41        0.219479E+51
     5699.08        0.147192E+51
     5652.74        0.983772E+50
     5606.41        0.655237E+50
     5560.08        0.434879E+50
     5513.74        0.287593E+50
     5467.41        0.189496E+50
     5421.07        0.124395E+50
     5374.74        0.813508E+49
     5328.41        0.529958E+49
     5282.07        0.343885E+49
     5235.74        0.222251E+49
     5189.41        0.143054E+49
     5143.07        0.916955E+48
     5096.74        0.585266E+48
     5050.40        0.371945E+48
     5004.07        0.235336E+48
     4957.74        0.148232E+48
     4911.40        0.929397E+47
     4865.07        0.579996E+47
     4818.73        0.360223E+47
     4772.40        0.222637E+47
     4726.07        0.136916E+47
     4679.73        0.837728E+46
     4633.40        0.509906E+46
     4587.06        0.308722E+46
     4540.73        0.185902E+46
     4494.40        0.111323E+46
     4448.06        0.662859E+45
     4401.73        0.392401E+45
     4355.39        0.230917E+45
     4309.06        0.135063E+45
     4262.73        0.785074E+44
     4216.39        0.453431E+44
     4170.06        0.260178E+44
     4123.72        0.148292E+44
     4077.39        0.839425E+43
     4031.06        0.471829E+43
     3984.72        0.263298E+43
     3938.39        0.145844E+43
     3892.05        0.801721E+42
     3845.72        0.437280E+42
     3799.39        0.236596E+42
     3753.05        0.126960E+42
     3706.72        0.675523E+41
     3660.38        0.356303E+41
     3614.05        0.186249E+41
     3567.72        0.964603E+40
     3521.38        0.494838E+40
     3475.05        0.251368E+40
     3428.71        0.126402E+40
     3382.38        0.629016E+39
     3336.05        0.309658E+39
     3289.71        0.150751E+39
     3243.38        0.725502E+38
     3197.04        0.345019E+38
     3150.71        0.162066E+38
     3104.38        0.751624E+37
     3058.04        0.344005E+37
     3011.71        0.155300E+37
     2965.37        0.691187E+36
     2919.04        0.303109E+36
     2872.71        0.130897E+36
     2826.37        0.556304E+35
     2780.04        0.232521E+35
     2733.70        0.955152E+34
     2687.37        0.385313E+34
     2641.04        0.152522E+34
     2594.70        0.591907E+33
     2548.37        0.224993E+33
     2502.03        0.836834E+32
     2455.70        0.304223E+32
     2409.37        0.107973E+32
     2363.03        0.373639E+31
     2316.70        0.125891E+31
     2270.36        0.412365E+30
     2224.03        0.131095E+30
     2177.70        0.403750E+29
     2131.36        0.120220E+29
     2085.03        0.345304E+28
     2038.69        0.954335E+27
     1992.36        0.253079E+27
     1946.03        0.641945E+26
     1899.69        0.155195E+26
     1853.36        0.356148E+25
     1807.02        0.772202E+24
     1760.69        0.157340E+24
     1714.36        0.299379E+23
     1668.02        0.528031E+22
     1621.69        0.855681E+21
     1575.36        0.126048E+21
     1529.02        0.166582E+20
     1482.69        0.194293E+19
     1436.35        0.195839E+18
     1390.02        0.165941E+17
     1343.69        0.113834E+16
     1297.35        0.599158E+14
     1251.02        0.223020E+13
     1204.68        0.512335E+11
     1158.35        0.557110E+09
     1112.02        0.140634E+07
     1065.68        -69.6164    
     1019.35        -38.7959    
     973.013       -0.830044    
     926.679        0.892334    
     880.345         1.38580    
     834.012        0.676796    
     787.678        0.652634    
     741.344        0.673359    
     695.010        0.634296    
     648.676        0.448887    
     602.342        -3.44480    
     556.008        -5132.73    
     509.674        -149024.    
     463.340       -0.160405E+07
     417.006       -0.945493E+07
     370.672       -0.354534E+08
     324.338       -0.878322E+08
     278.004       -0.124900E+09
     231.670        0.384465E+08
     185.336        0.829369E+09
     139.002        0.290111E+10
     92.6679        0.683027E+10
     46.3340        0.123801E+11
    0.898890-316    0.172930E+11
