     23167.0       -0.243441E+34
     23120.7       -0.240053E+34
     23074.3       -0.236706E+34
     23028.0       -0.233398E+34
     22981.7       -0.230131E+34
     22935.3       -0.226902E+34
     22889.0       -0.223713E+34
     22842.6       -0.220562E+34
     22796.3       -0.217449E+34
     22750.0       -0.214374E+34
     22703.6       -0.211337E+34
     22657.3       -0.208336E+34
     22611.0       -0.205372E+34
     22564.6       -0.202444E+34
     22518.3       -0.199552E+34
     22472.0       -0.196695E+34
     22425.6       -0.193874E+34
     22379.3       -0.191087E+34
     22333.0       -0.188335E+34
     22286.6       -0.185616E+34
     22240.3       -0.182932E+34
     22194.0       -0.180281E+34
     22147.6       -0.177663E+34
     22101.3       -0.175077E+34
     22055.0       -0.172524E+34
     22008.6       -0.170003E+34
     21962.3       -0.167513E+34
     21916.0       -0.165055E+34
     21869.6       -0.162627E+34
     21823.3       -0.160231E+34
     21777.0       -0.157865E+34
     21730.6       -0.155528E+34
     21684.3       -0.153222E+34
     21638.0       -0.150945E+34
     21591.6       -0.148696E+34
     21545.3       -0.146477E+34
     21499.0       -0.144286E+34
     21452.6       -0.142123E+34
     21406.3       -0.139988E+34
     21360.0       -0.137881E+34
     21313.6       -0.135801E+34
     21267.3       -0.133748E+34
     21221.0       -0.131721E+34
     21174.6       -0.129721E+34
     21128.3       -0.127747E+34
     21082.0       -0.125799E+34
     21035.6       -0.123876E+34
     20989.3       -0.121979E+34
     20943.0       -0.120106E+34
     20896.6       -0.118259E+34
     20850.3       -0.116435E+34
     20804.0       -0.114636E+34
     20757.6       -0.112861E+34
     20711.3       -0.111109E+34
     20665.0       -0.109381E+34
     20618.6       -0.107675E+34
     20572.3       -0.105993E+34
     20526.0       -0.104333E+34
     20479.6       -0.102696E+34
     20433.3       -0.101080E+34
     20386.9       -0.994865E+33
     20340.6       -0.979145E+33
     20294.3       -0.963638E+33
     20247.9       -0.948342E+33
     20201.6       -0.933255E+33
     20155.3       -0.918374E+33
     20108.9       -0.903696E+33
     20062.6       -0.889221E+33
     20016.3       -0.874944E+33
     19969.9       -0.860865E+33
     19923.6       -0.846980E+33
     19877.3       -0.833287E+33
     19830.9       -0.819785E+33
     19784.6       -0.806471E+33
     19738.3       -0.793342E+33
     19691.9       -0.780397E+33
     19645.6       -0.767634E+33
     19599.3       -0.755049E+33
     19552.9       -0.742642E+33
     19506.6       -0.730411E+33
     19460.3       -0.718352E+33
     19413.9       -0.706464E+33
     19367.6       -0.694746E+33
     19321.3       -0.683194E+33
     19274.9       -0.671808E+33
     19228.6       -0.660584E+33
     19182.3       -0.649522E+33
     19135.9       -0.638619E+33
     19089.6       -0.627873E+33
     19043.3       -0.617282E+33
     18996.9       -0.606845E+33
     18950.6       -0.596559E+33
     18904.3       -0.586424E+33
     18857.9       -0.576436E+33
     18811.6       -0.566594E+33
     18765.3       -0.556897E+33
     18718.9       -0.547342E+33
     18672.6       -0.537929E+33
     18626.3       -0.528654E+33
     18579.9       -0.519517E+33
     18533.6       -0.510515E+33
     18487.3       -0.501648E+33
     18440.9       -0.492913E+33
     18394.6       -0.484308E+33
     18348.3       -0.475833E+33
     18301.9       -0.467485E+33
     18255.6       -0.459263E+33
     18209.3       -0.451165E+33
     18162.9       -0.443190E+33
     18116.6       -0.435336E+33
     18070.2       -0.427602E+33
     18023.9       -0.419985E+33
     17977.6       -0.412486E+33
     17931.2       -0.405101E+33
     17884.9       -0.397830E+33
     17838.6       -0.390671E+33
     17792.2       -0.383623E+33
     17745.9       -0.376684E+33
     17699.6       -0.369853E+33
     17653.2       -0.363128E+33
     17606.9       -0.356509E+33
     17560.6       -0.349993E+33
     17514.2       -0.343580E+33
     17467.9       -0.337267E+33
     17421.6       -0.331054E+33
     17375.2       -0.324940E+33
     17328.9       -0.318922E+33
     17282.6       -0.313001E+33
     17236.2       -0.307174E+33
     17189.9       -0.301440E+33
     17143.6       -0.295798E+33
     17097.2       -0.290247E+33
     17050.9       -0.284785E+33
     17004.6       -0.279412E+33
     16958.2       -0.274126E+33
     16911.9       -0.268926E+33
     16865.6       -0.263810E+33
     16819.2       -0.258778E+33
     16772.9       -0.253829E+33
     16726.6       -0.248961E+33
     16680.2       -0.244173E+33
     16633.9       -0.239465E+33
     16587.6       -0.234834E+33
     16541.2       -0.230281E+33
     16494.9       -0.225803E+33
     16448.6       -0.221400E+33
     16402.2       -0.217071E+33
     16355.9       -0.212815E+33
     16309.6       -0.208630E+33
     16263.2       -0.204517E+33
     16216.9       -0.200473E+33
     16170.6       -0.196497E+33
     16124.2       -0.192590E+33
     16077.9       -0.188749E+33
     16031.6       -0.184974E+33
     15985.2       -0.181264E+33
     15938.9       -0.177618E+33
     15892.6       -0.174035E+33
     15846.2       -0.170514E+33
     15799.9       -0.167054E+33
     15753.6       -0.163655E+33
     15707.2       -0.160315E+33
     15660.9       -0.157034E+33
     15614.5       -0.153810E+33
     15568.2       -0.150643E+33
     15521.9       -0.147533E+33
     15475.5       -0.144477E+33
     15429.2       -0.141476E+33
     15382.9       -0.138529E+33
     15336.5       -0.135634E+33
     15290.2       -0.132792E+33
     15243.9       -0.130000E+33
     15197.5       -0.127259E+33
     15151.2       -0.124568E+33
     15104.9       -0.121926E+33
     15058.5       -0.119332E+33
     15012.2       -0.116785E+33
     14965.9       -0.114285E+33
     14919.5       -0.111831E+33
     14873.2       -0.109422E+33
     14826.9       -0.107058E+33
     14780.5       -0.104738E+33
     14734.2       -0.102461E+33
     14687.9       -0.100227E+33
     14641.5       -0.980346E+32
     14595.2       -0.958834E+32
     14548.9       -0.937728E+32
     14502.5       -0.917021E+32
     14456.2       -0.896708E+32
     14409.9       -0.876781E+32
     14363.5       -0.857235E+32
     14317.2       -0.838064E+32
     14270.9       -0.819261E+32
     14224.5       -0.800822E+32
     14178.2       -0.782739E+32
     14131.9       -0.765007E+32
     14085.5       -0.747621E+32
     14039.2       -0.730574E+32
     13992.9       -0.713862E+32
     13946.5       -0.697478E+32
     13900.2       -0.681418E+32
     13853.9       -0.665676E+32
     13807.5       -0.650247E+32
     13761.2       -0.635125E+32
     13714.9       -0.620306E+32
     13668.5       -0.605784E+32
     13622.2       -0.591554E+32
     13575.9       -0.577612E+32
     13529.5       -0.563952E+32
     13483.2       -0.550571E+32
     13436.9       -0.537462E+32
     13390.5       -0.524622E+32
     13344.2       -0.512045E+32
     13297.9       -0.499728E+32
     13251.5       -0.487666E+32
     13205.2       -0.475854E+32
     13158.8       -0.464289E+32
     13112.5       -0.452965E+32
     13066.2       -0.441878E+32
     13019.8       -0.431025E+32
     12973.5       -0.420402E+32
     12927.2       -0.410003E+32
     12880.8       -0.399826E+32
     12834.5       -0.389866E+32
     12788.2       -0.380120E+32
     12741.8       -0.370583E+32
     12695.5       -0.361252E+32
     12649.2       -0.352123E+32
     12602.8       -0.343192E+32
     12556.5       -0.334457E+32
     12510.2       -0.325912E+32
     12463.8       -0.317556E+32
     12417.5       -0.309384E+32
     12371.2       -0.301392E+32
     12324.8       -0.293579E+32
     12278.5       -0.285939E+32
     12232.2       -0.278471E+32
     12185.8       -0.271170E+32
     12139.5       -0.264034E+32
     12093.2       -0.257060E+32
     12046.8       -0.250244E+32
     12000.5       -0.243584E+32
     11954.2       -0.237076E+32
     11907.8       -0.230718E+32
     11861.5       -0.224506E+32
     11815.2       -0.218439E+32
     11768.8       -0.212512E+32
     11722.5       -0.206724E+32
     11676.2       -0.201072E+32
     11629.8       -0.195552E+32
     11583.5       -0.190163E+32
     11537.2       -0.184902E+32
     11490.8       -0.179766E+32
     11444.5       -0.174752E+32
     11398.2       -0.169859E+32
     11351.8       -0.165084E+32
     11305.5       -0.160425E+32
     11259.2       -0.155879E+32
     11212.8       -0.151443E+32
     11166.5       -0.147116E+32
     11120.2       -0.142896E+32
     11073.8       -0.138780E+32
     11027.5       -0.134766E+32
     10981.2       -0.130851E+32
     10934.8       -0.127035E+32
     10888.5       -0.123314E+32
     10842.1       -0.119688E+32
     10795.8       -0.116153E+32
     10749.5       -0.112708E+32
     10703.1       -0.109350E+32
     10656.8       -0.106079E+32
     10610.5       -0.102893E+32
     10564.1       -0.997881E+31
     10517.8       -0.967643E+31
     10471.5       -0.938194E+31
     10425.1       -0.909517E+31
     10378.8       -0.881594E+31
     10332.5       -0.854410E+31
     10286.1       -0.827947E+31
     10239.8       -0.802189E+31
     10193.5       -0.777122E+31
     10147.1       -0.752729E+31
     10100.8       -0.728995E+31
     10054.5       -0.705906E+31
     10008.1       -0.683446E+31
     9961.80       -0.661602E+31
     9915.47       -0.640358E+31
     9869.14       -0.619703E+31
     9822.80       -0.599620E+31
     9776.47       -0.580099E+31
     9730.13       -0.561124E+31
     9683.80       -0.542685E+31
     9637.47       -0.524767E+31
     9591.13       -0.507358E+31
     9544.80       -0.490447E+31
     9498.46       -0.474021E+31
     9452.13       -0.458069E+31
     9405.80       -0.442580E+31
     9359.46       -0.427542E+31
     9313.13       -0.412943E+31
     9266.79       -0.398774E+31
     9220.46       -0.385024E+31
     9174.13       -0.371683E+31
     9127.79       -0.358739E+31
     9081.46       -0.346184E+31
     9035.12       -0.334007E+31
     8988.79       -0.322200E+31
     8942.46       -0.310752E+31
     8896.12       -0.299654E+31
     8849.79       -0.288898E+31
     8803.45       -0.278474E+31
     8757.12       -0.268375E+31
     8710.79       -0.258591E+31
     8664.45       -0.249114E+31
     8618.12       -0.239937E+31
     8571.79       -0.231051E+31
     8525.45       -0.222449E+31
     8479.12       -0.214122E+31
     8432.78       -0.206064E+31
     8386.45       -0.198268E+31
     8340.12       -0.190726E+31
     8293.78       -0.183431E+31
     8247.45       -0.176376E+31
     8201.11       -0.169555E+31
     8154.78       -0.162962E+31
     8108.45       -0.156590E+31
     8062.11       -0.150432E+31
     8015.78       -0.144483E+31
     7969.44       -0.138737E+31
     7923.11       -0.133188E+31
     7876.78       -0.127830E+31
     7830.44       -0.122659E+31
     7784.11       -0.117667E+31
     7737.77       -0.112851E+31
     7691.44       -0.108204E+31
     7645.11       -0.103723E+31
     7598.77       -0.994015E+30
     7552.44       -0.952353E+30
     7506.10       -0.912197E+30
     7459.77       -0.873502E+30
     7413.44       -0.836222E+30
     7367.10       -0.800314E+30
     7320.77       -0.765736E+30
     7274.43       -0.732446E+30
     7228.10       -0.700405E+30
     7181.77       -0.669573E+30
     7135.43       -0.639911E+30
     7089.10       -0.611383E+30
     7042.76       -0.583952E+30
     6996.43       -0.557583E+30
     6950.10       -0.532241E+30
     6903.76       -0.507893E+30
     6857.43       -0.484506E+30
     6811.09       -0.462048E+30
     6764.76       -0.440488E+30
     6718.43       -0.419797E+30
     6672.09       -0.399944E+30
     6625.76       -0.380901E+30
     6579.42       -0.362641E+30
     6533.09       -0.345137E+30
     6486.76       -0.328361E+30
     6440.42       -0.312290E+30
     6394.09       -0.296898E+30
     6347.75       -0.282160E+30
     6301.42       -0.268054E+30
     6255.09       -0.254557E+30
     6208.75       -0.241646E+30
     6162.42       -0.229301E+30
     6116.08       -0.217501E+30
     6069.75       -0.206225E+30
     6023.42       -0.195454E+30
     5977.08       -0.185168E+30
     5930.75       -0.175350E+30
     5884.41       -0.165982E+30
     5838.08       -0.157046E+30
     5791.75       -0.148526E+30
     5745.41       -0.140405E+30
     5699.08       -0.132667E+30
     5652.74       -0.125298E+30
     5606.41       -0.118283E+30
     5560.08       -0.111607E+30
     5513.74       -0.105256E+30
     5467.41       -0.992183E+29
     5421.07       -0.934796E+29
     5374.74       -0.880277E+29
     5328.41       -0.828507E+29
     5282.07       -0.779369E+29
     5235.74       -0.732751E+29
     5189.41       -0.688543E+29
     5143.07       -0.646641E+29
     5096.74       -0.606944E+29
     5050.40       -0.569355E+29
     5004.07       -0.533779E+29
     4957.74       -0.500126E+29
     4911.40       -0.468308E+29
     4865.07       -0.438241E+29
     4818.73       -0.409844E+29
     4772.40       -0.383039E+29
     4726.07       -0.357751E+29
     4679.73       -0.333908E+29
     4633.40       -0.311440E+29
     4587.06       -0.290280E+29
     4540.73       -0.270365E+29
     4494.40       -0.251633E+29
     4448.06       -0.234024E+29
     4401.73       -0.217482E+29
     4355.39       -0.201953E+29
     4309.06       -0.187384E+29
     4262.73       -0.173726E+29
     4216.39       -0.160929E+29
     4170.06       -0.148950E+29
     4123.72       -0.137743E+29
     4077.39       -0.127266E+29
     4031.06       -0.117481E+29
     3984.72       -0.108347E+29
     3938.39       -0.998288E+28
     3892.05       -0.918913E+28
     3845.72       -0.845010E+28
     3799.39       -0.776262E+28
     3753.05       -0.712364E+28
     3706.72       -0.653029E+28
     3660.38       -0.597981E+28
     3614.05       -0.546960E+28
     3567.72       -0.499716E+28
     3521.38       -0.456015E+28
     3475.05       -0.415631E+28
     3428.71       -0.378352E+28
     3382.38       -0.343976E+28
     3336.05       -0.312313E+28
     3289.71       -0.283182E+28
     3243.38       -0.256412E+28
     3197.04       -0.231840E+28
     3150.71       -0.209316E+28
     3104.38       -0.188693E+28
     3058.04       -0.169838E+28
     3011.71       -0.152621E+28
     2965.37       -0.136922E+28
     2919.04       -0.122628E+28
     2872.71       -0.109633E+28
     2826.37       -0.978363E+27
     2780.04       -0.871449E+27
     2733.70       -0.774710E+27
     2687.37       -0.687326E+27
     2641.04       -0.608530E+27
     2594.70       -0.537607E+27
     2548.37       -0.473891E+27
     2502.03       -0.416760E+27
     2455.70       -0.365638E+27
     2409.37       -0.319988E+27
     2363.03       -0.279312E+27
     2316.70       -0.243152E+27
     2270.36       -0.211081E+27
     2224.03       -0.182706E+27
     2177.70       -0.157665E+27
     2131.36       -0.135626E+27
     2085.03       -0.116282E+27
     2038.69       -0.993524E+26
     1992.36       -0.845812E+26
     1946.03       -0.717338E+26
     1899.69       -0.605967E+26
     1853.36       -0.509758E+26
     1807.02       -0.426951E+26
     1760.69       -0.355952E+26
     1714.36       -0.295324E+26
     1668.02       -0.243771E+26
     1621.69       -0.200133E+26
     1575.36       -0.163369E+26
     1529.02       -0.132553E+26
     1482.69       -0.106860E+26
     1436.35       -0.855595E+25
     1390.02       -0.680071E+25
     1343.69       -0.536363E+25
     1297.35       -0.419511E+25
     1251.02       -0.325197E+25
     1204.68       -0.249673E+25
     1158.35       -0.189712E+25
     1112.02       -0.142543E+25
     1065.68       -0.105806E+25
     1019.35       -0.775028E+24
     973.013       -0.559540E+24
     926.679       -0.397592E+24
     880.345       -0.277605E+24
     834.012       -0.190097E+24
     787.678       -0.127385E+24
     741.344       -0.833124E+23
     695.010       -0.530138E+23
     648.676       -0.326972E+23
     602.342       -0.194563E+23
     556.008       -0.111056E+23
     509.674       -0.603676E+22
     463.340       -0.309595E+22
     417.006       -0.147970E+22
     370.672       -0.648196E+21
     324.338       -0.254244E+21
     278.004       -0.862857E+20
     231.670       -0.240277E+20
     185.336       -0.502231E+19
     139.002       -0.666702E+18
     92.6679       -0.385904E+17
     46.3340       -0.291560E+15
    0.898890-316    0.109278E-12
