     23167.0       -0.134148E+09
     23120.7       -0.133612E+09
     23074.3       -0.133077E+09
     23028.0       -0.132543E+09
     22981.7       -0.132010E+09
     22935.3       -0.131479E+09
     22889.0       -0.130948E+09
     22842.6       -0.130418E+09
     22796.3       -0.129889E+09
     22750.0       -0.129362E+09
     22703.6       -0.128836E+09
     22657.3       -0.128310E+09
     22611.0       -0.127786E+09
     22564.6       -0.127263E+09
     22518.3       -0.126740E+09
     22472.0       -0.126219E+09
     22425.6       -0.125699E+09
     22379.3       -0.125180E+09
     22333.0       -0.124663E+09
     22286.6       -0.124146E+09
     22240.3       -0.123630E+09
     22194.0       -0.123115E+09
     22147.6       -0.122602E+09
     22101.3       -0.122089E+09
     22055.0       -0.121578E+09
     22008.6       -0.121068E+09
     21962.3       -0.120558E+09
     21916.0       -0.120050E+09
     21869.6       -0.119543E+09
     21823.3       -0.119037E+09
     21777.0       -0.118532E+09
     21730.6       -0.118028E+09
     21684.3       -0.117525E+09
     21638.0       -0.117023E+09
     21591.6       -0.116523E+09
     21545.3       -0.116023E+09
     21499.0       -0.115524E+09
     21452.6       -0.115027E+09
     21406.3       -0.114531E+09
     21360.0       -0.114035E+09
     21313.6       -0.113541E+09
     21267.3       -0.113048E+09
     21221.0       -0.112556E+09
     21174.6       -0.112065E+09
     21128.3       -0.111575E+09
     21082.0       -0.111086E+09
     21035.6       -0.110598E+09
     20989.3       -0.110111E+09
     20943.0       -0.109626E+09
     20896.6       -0.109141E+09
     20850.3       -0.108658E+09
     20804.0       -0.108175E+09
     20757.6       -0.107694E+09
     20711.3       -0.107213E+09
     20665.0       -0.106734E+09
     20618.6       -0.106256E+09
     20572.3       -0.105779E+09
     20526.0       -0.105303E+09
     20479.6       -0.104828E+09
     20433.3       -0.104354E+09
     20386.9       -0.103881E+09
     20340.6       -0.103410E+09
     20294.3       -0.102939E+09
     20247.9       -0.102470E+09
     20201.6       -0.102001E+09
     20155.3       -0.101534E+09
     20108.9       -0.101067E+09
     20062.6       -0.100602E+09
     20016.3       -0.100138E+09
     19969.9       -0.996747E+08
     19923.6       -0.992126E+08
     19877.3       -0.987517E+08
     19830.9       -0.982918E+08
     19784.6       -0.978329E+08
     19738.3       -0.973752E+08
     19691.9       -0.969185E+08
     19645.6       -0.964629E+08
     19599.3       -0.960084E+08
     19552.9       -0.955549E+08
     19506.6       -0.951025E+08
     19460.3       -0.946512E+08
     19413.9       -0.942009E+08
     19367.6       -0.937518E+08
     19321.3       -0.933037E+08
     19274.9       -0.928567E+08
     19228.6       -0.924107E+08
     19182.3       -0.919658E+08
     19135.9       -0.915220E+08
     19089.6       -0.910793E+08
     19043.3       -0.906377E+08
     18996.9       -0.901971E+08
     18950.6       -0.897576E+08
     18904.3       -0.893191E+08
     18857.9       -0.888818E+08
     18811.6       -0.884455E+08
     18765.3       -0.880103E+08
     18718.9       -0.875761E+08
     18672.6       -0.871431E+08
     18626.3       -0.867111E+08
     18579.9       -0.862802E+08
     18533.6       -0.858503E+08
     18487.3       -0.854215E+08
     18440.9       -0.849938E+08
     18394.6       -0.845672E+08
     18348.3       -0.841417E+08
     18301.9       -0.837172E+08
     18255.6       -0.832938E+08
     18209.3       -0.828714E+08
     18162.9       -0.824502E+08
     18116.6       -0.820300E+08
     18070.2       -0.816109E+08
     18023.9       -0.811929E+08
     17977.6       -0.807759E+08
     17931.2       -0.803600E+08
     17884.9       -0.799452E+08
     17838.6       -0.795314E+08
     17792.2       -0.791188E+08
     17745.9       -0.787072E+08
     17699.6       -0.782966E+08
     17653.2       -0.778872E+08
     17606.9       -0.774788E+08
     17560.6       -0.770715E+08
     17514.2       -0.766653E+08
     17467.9       -0.762601E+08
     17421.6       -0.758560E+08
     17375.2       -0.754530E+08
     17328.9       -0.750511E+08
     17282.6       -0.746502E+08
     17236.2       -0.742504E+08
     17189.9       -0.738517E+08
     17143.6       -0.734541E+08
     17097.2       -0.730575E+08
     17050.9       -0.726620E+08
     17004.6       -0.722676E+08
     16958.2       -0.718742E+08
     16911.9       -0.714820E+08
     16865.6       -0.710907E+08
     16819.2       -0.707006E+08
     16772.9       -0.703116E+08
     16726.6       -0.699236E+08
     16680.2       -0.695367E+08
     16633.9       -0.691508E+08
     16587.6       -0.687661E+08
     16541.2       -0.683824E+08
     16494.9       -0.679998E+08
     16448.6       -0.676182E+08
     16402.2       -0.672378E+08
     16355.9       -0.668584E+08
     16309.6       -0.664800E+08
     16263.2       -0.661028E+08
     16216.9       -0.657266E+08
     16170.6       -0.653515E+08
     16124.2       -0.649775E+08
     16077.9       -0.646045E+08
     16031.6       -0.642326E+08
     15985.2       -0.638618E+08
     15938.9       -0.634921E+08
     15892.6       -0.631234E+08
     15846.2       -0.627559E+08
     15799.9       -0.623893E+08
     15753.6       -0.620239E+08
     15707.2       -0.616595E+08
     15660.9       -0.612962E+08
     15614.5       -0.609340E+08
     15568.2       -0.605729E+08
     15521.9       -0.602128E+08
     15475.5       -0.598538E+08
     15429.2       -0.594959E+08
     15382.9       -0.591390E+08
     15336.5       -0.587832E+08
     15290.2       -0.584285E+08
     15243.9       -0.580749E+08
     15197.5       -0.577223E+08
     15151.2       -0.573708E+08
     15104.9       -0.570204E+08
     15058.5       -0.566711E+08
     15012.2       -0.563228E+08
     14965.9       -0.559756E+08
     14919.5       -0.556295E+08
     14873.2       -0.552845E+08
     14826.9       -0.549405E+08
     14780.5       -0.545976E+08
     14734.2       -0.542558E+08
     14687.9       -0.539150E+08
     14641.5       -0.535753E+08
     14595.2       -0.532367E+08
     14548.9       -0.528992E+08
     14502.5       -0.525627E+08
     14456.2       -0.522274E+08
     14409.9       -0.518930E+08
     14363.5       -0.515598E+08
     14317.2       -0.512276E+08
     14270.9       -0.508965E+08
     14224.5       -0.505665E+08
     14178.2       -0.502376E+08
     14131.9       -0.499097E+08
     14085.5       -0.495829E+08
     14039.2       -0.492572E+08
     13992.9       -0.489325E+08
     13946.5       -0.486090E+08
     13900.2       -0.482865E+08
     13853.9       -0.479650E+08
     13807.5       -0.476447E+08
     13761.2       -0.473254E+08
     13714.9       -0.470072E+08
     13668.5       -0.466900E+08
     13622.2       -0.463740E+08
     13575.9       -0.460590E+08
     13529.5       -0.457451E+08
     13483.2       -0.454322E+08
     13436.9       -0.451205E+08
     13390.5       -0.448098E+08
     13344.2       -0.445001E+08
     13297.9       -0.441916E+08
     13251.5       -0.438841E+08
     13205.2       -0.435777E+08
     13158.8       -0.432724E+08
     13112.5       -0.429681E+08
     13066.2       -0.426649E+08
     13019.8       -0.423628E+08
     12973.5       -0.420618E+08
     12927.2       -0.417618E+08
     12880.8       -0.414629E+08
     12834.5       -0.411651E+08
     12788.2       -0.408684E+08
     12741.8       -0.405727E+08
     12695.5       -0.402781E+08
     12649.2       -0.399846E+08
     12602.8       -0.396921E+08
     12556.5       -0.394008E+08
     12510.2       -0.391105E+08
     12463.8       -0.388212E+08
     12417.5       -0.385331E+08
     12371.2       -0.382460E+08
     12324.8       -0.379600E+08
     12278.5       -0.376751E+08
     12232.2       -0.373912E+08
     12185.8       -0.371084E+08
     12139.5       -0.368267E+08
     12093.2       -0.365461E+08
     12046.8       -0.362665E+08
     12000.5       -0.359880E+08
     11954.2       -0.357106E+08
     11907.8       -0.354342E+08
     11861.5       -0.351590E+08
     11815.2       -0.348848E+08
     11768.8       -0.346116E+08
     11722.5       -0.343396E+08
     11676.2       -0.340686E+08
     11629.8       -0.337987E+08
     11583.5       -0.335298E+08
     11537.2       -0.332621E+08
     11490.8       -0.329954E+08
     11444.5       -0.327298E+08
     11398.2       -0.324652E+08
     11351.8       -0.322018E+08
     11305.5       -0.319394E+08
     11259.2       -0.316781E+08
     11212.8       -0.314178E+08
     11166.5       -0.311587E+08
     11120.2       -0.309006E+08
     11073.8       -0.306435E+08
     11027.5       -0.303876E+08
     10981.2       -0.301327E+08
     10934.8       -0.298789E+08
     10888.5       -0.296262E+08
     10842.1       -0.293745E+08
     10795.8       -0.291239E+08
     10749.5       -0.288744E+08
     10703.1       -0.286260E+08
     10656.8       -0.283786E+08
     10610.5       -0.281323E+08
     10564.1       -0.278871E+08
     10517.8       -0.276429E+08
     10471.5       -0.273999E+08
     10425.1       -0.271579E+08
     10378.8       -0.269170E+08
     10332.5       -0.266771E+08
     10286.1       -0.264383E+08
     10239.8       -0.262006E+08
     10193.5       -0.259640E+08
     10147.1       -0.257284E+08
     10100.8       -0.254939E+08
     10054.5       -0.252605E+08
     10008.1       -0.250282E+08
     9961.80       -0.247969E+08
     9915.47       -0.245667E+08
     9869.14       -0.243376E+08
     9822.80       -0.241096E+08
     9776.47       -0.238826E+08
     9730.13       -0.236567E+08
     9683.80       -0.234319E+08
     9637.47       -0.232081E+08
     9591.13       -0.229855E+08
     9544.80       -0.227639E+08
     9498.46       -0.225433E+08
     9452.13       -0.223239E+08
     9405.80       -0.221055E+08
     9359.46       -0.218882E+08
     9313.13       -0.216719E+08
     9266.79       -0.214568E+08
     9220.46       -0.212427E+08
     9174.13       -0.210297E+08
     9127.79       -0.208177E+08
     9081.46       -0.206069E+08
     9035.12       -0.203971E+08
     8988.79       -0.201884E+08
     8942.46       -0.199807E+08
     8896.12       -0.197741E+08
     8849.79       -0.195686E+08
     8803.45       -0.193642E+08
     8757.12       -0.191608E+08
     8710.79       -0.189586E+08
     8664.45       -0.187574E+08
     8618.12       -0.185572E+08
     8571.79       -0.183582E+08
     8525.45       -0.181602E+08
     8479.12       -0.179633E+08
     8432.78       -0.177674E+08
     8386.45       -0.175726E+08
     8340.12       -0.173790E+08
     8293.78       -0.171863E+08
     8247.45       -0.169948E+08
     8201.11       -0.168043E+08
     8154.78       -0.166149E+08
     8108.45       -0.164266E+08
     8062.11       -0.162393E+08
     8015.78       -0.160532E+08
     7969.44       -0.158680E+08
     7923.11       -0.156840E+08
     7876.78       -0.155011E+08
     7830.44       -0.153192E+08
     7784.11       -0.151384E+08
     7737.77       -0.149586E+08
     7691.44       -0.147799E+08
     7645.11       -0.146024E+08
     7598.77       -0.144258E+08
     7552.44       -0.142504E+08
     7506.10       -0.140760E+08
     7459.77       -0.139027E+08
     7413.44       -0.137305E+08
     7367.10       -0.135593E+08
     7320.77       -0.133893E+08
     7274.43       -0.132203E+08
     7228.10       -0.130523E+08
     7181.77       -0.128855E+08
     7135.43       -0.127197E+08
     7089.10       -0.125550E+08
     7042.76       -0.123913E+08
     6996.43       -0.122288E+08
     6950.10       -0.120673E+08
     6903.76       -0.119069E+08
     6857.43       -0.117475E+08
     6811.09       -0.115892E+08
     6764.76       -0.114320E+08
     6718.43       -0.112759E+08
     6672.09       -0.111209E+08
     6625.76       -0.109669E+08
     6579.42       -0.108140E+08
     6533.09       -0.106621E+08
     6486.76       -0.105114E+08
     6440.42       -0.103617E+08
     6394.09       -0.102131E+08
     6347.75       -0.100656E+08
     6301.42       -0.991910E+07
     6255.09       -0.977371E+07
     6208.75       -0.962939E+07
     6162.42       -0.948615E+07
     6116.08       -0.934398E+07
     6069.75       -0.920288E+07
     6023.42       -0.906286E+07
     5977.08       -0.892391E+07
     5930.75       -0.878603E+07
     5884.41       -0.864923E+07
     5838.08       -0.851350E+07
     5791.75       -0.837884E+07
     5745.41       -0.824526E+07
     5699.08       -0.811275E+07
     5652.74       -0.798131E+07
     5606.41       -0.785095E+07
     5560.08       -0.772166E+07
     5513.74       -0.759345E+07
     5467.41       -0.746630E+07
     5421.07       -0.734024E+07
     5374.74       -0.721524E+07
     5328.41       -0.709132E+07
     5282.07       -0.696847E+07
     5235.74       -0.684670E+07
     5189.41       -0.672599E+07
     5143.07       -0.660637E+07
     5096.74       -0.648781E+07
     5050.40       -0.637033E+07
     5004.07       -0.625392E+07
     4957.74       -0.613859E+07
     4911.40       -0.602433E+07
     4865.07       -0.591114E+07
     4818.73       -0.579902E+07
     4772.40       -0.568798E+07
     4726.07       -0.557801E+07
     4679.73       -0.546912E+07
     4633.40       -0.536130E+07
     4587.06       -0.525455E+07
     4540.73       -0.514888E+07
     4494.40       -0.504428E+07
     4448.06       -0.494075E+07
     4401.73       -0.483830E+07
     4355.39       -0.473692E+07
     4309.06       -0.463661E+07
     4262.73       -0.453738E+07
     4216.39       -0.443922E+07
     4170.06       -0.434213E+07
     4123.72       -0.424612E+07
     4077.39       -0.415118E+07
     4031.06       -0.405731E+07
     3984.72       -0.396452E+07
     3938.39       -0.387280E+07
     3892.05       -0.378215E+07
     3845.72       -0.369258E+07
     3799.39       -0.360408E+07
     3753.05       -0.351666E+07
     3706.72       -0.343030E+07
     3660.38       -0.334503E+07
     3614.05       -0.326082E+07
     3567.72       -0.317769E+07
     3521.38       -0.309563E+07
     3475.05       -0.301464E+07
     3428.71       -0.293473E+07
     3382.38       -0.285589E+07
     3336.05       -0.277813E+07
     3289.71       -0.270144E+07
     3243.38       -0.262582E+07
     3197.04       -0.255128E+07
     3150.71       -0.247780E+07
     3104.38       -0.240541E+07
     3058.04       -0.233408E+07
     3011.71       -0.226383E+07
     2965.37       -0.219465E+07
     2919.04       -0.212655E+07
     2872.71       -0.205952E+07
     2826.37       -0.199356E+07
     2780.04       -0.192868E+07
     2733.70       -0.186487E+07
     2687.37       -0.180213E+07
     2641.04       -0.174047E+07
     2594.70       -0.167988E+07
     2548.37       -0.162036E+07
     2502.03       -0.156192E+07
     2455.70       -0.150455E+07
     2409.37       -0.144825E+07
     2363.03       -0.139303E+07
     2316.70       -0.133888E+07
     2270.36       -0.128580E+07
     2224.03       -0.123380E+07
     2177.70       -0.118287E+07
     2131.36       -0.113301E+07
     2085.03       -0.108423E+07
     2038.69       -0.103652E+07
     1992.36        -989884.    
     1946.03        -944322.    
     1899.69        -899833.    
     1853.36        -856417.    
     1807.02        -814075.    
     1760.69        -772806.    
     1714.36        -732611.    
     1668.02        -693489.    
     1621.69        -655441.    
     1575.36        -618466.    
     1529.02        -582564.    
     1482.69        -547736.    
     1436.35        -513981.    
     1390.02        -481300.    
     1343.69        -449692.    
     1297.35        -419157.    
     1251.02        -389696.    
     1204.68        -361309.    
     1158.35        -333994.    
     1112.02        -307754.    
     1065.68        -282586.    
     1019.35        -258492.    
     973.013        -235472.    
     926.679        -213524.    
     880.345        -192651.    
     834.012        -172850.    
     787.678        -154123.    
     741.344        -136470.    
     695.010        -119890.    
     648.676        -104383.    
     602.342        -89949.9    
     556.008        -76590.1    
     509.674        -64303.7    
     463.340        -53090.8    
     417.006        -42951.2    
     370.672        -33885.1    
     324.338        -25892.3    
     278.004        -18973.0    
     231.670        -13127.1    
     185.336        -8354.68    
     139.002        -4655.63    
     92.6679        -2030.00    
     46.3340        -477.792    
    0.898890-316     1.00000    
