     23167.0        0.691832E+64
     23120.7        0.668673E+64
     23074.3        0.646245E+64
     23028.0        0.624527E+64
     22981.7        0.603497E+64
     22935.3        0.583135E+64
     22889.0        0.563420E+64
     22842.6        0.544334E+64
     22796.3        0.525858E+64
     22750.0        0.507974E+64
     22703.6        0.490663E+64
     22657.3        0.473908E+64
     22611.0        0.457693E+64
     22564.6        0.442001E+64
     22518.3        0.426816E+64
     22472.0        0.412124E+64
     22425.6        0.397908E+64
     22379.3        0.384155E+64
     22333.0        0.370850E+64
     22286.6        0.357980E+64
     22240.3        0.345531E+64
     22194.0        0.333490E+64
     22147.6        0.321846E+64
     22101.3        0.310584E+64
     22055.0        0.299694E+64
     22008.6        0.289164E+64
     21962.3        0.278984E+64
     21916.0        0.269141E+64
     21869.6        0.259626E+64
     21823.3        0.250428E+64
     21777.0        0.241537E+64
     21730.6        0.232944E+64
     21684.3        0.224639E+64
     21638.0        0.216614E+64
     21591.6        0.208859E+64
     21545.3        0.201366E+64
     21499.0        0.194126E+64
     21452.6        0.187132E+64
     21406.3        0.180376E+64
     21360.0        0.173850E+64
     21313.6        0.167546E+64
     21267.3        0.161458E+64
     21221.0        0.155579E+64
     21174.6        0.149901E+64
     21128.3        0.144419E+64
     21082.0        0.139126E+64
     21035.6        0.134016E+64
     20989.3        0.129083E+64
     20943.0        0.124322E+64
     20896.6        0.119726E+64
     20850.3        0.115290E+64
     20804.0        0.111009E+64
     20757.6        0.106879E+64
     20711.3        0.102893E+64
     20665.0        0.990471E+63
     20618.6        0.953371E+63
     20572.3        0.917582E+63
     20526.0        0.883059E+63
     20479.6        0.849762E+63
     20433.3        0.817650E+63
     20386.9        0.786682E+63
     20340.6        0.756820E+63
     20294.3        0.728028E+63
     20247.9        0.700269E+63
     20201.6        0.673508E+63
     20155.3        0.647712E+63
     20108.9        0.622848E+63
     20062.6        0.598884E+63
     20016.3        0.575790E+63
     19969.9        0.553537E+63
     19923.6        0.532094E+63
     19877.3        0.511435E+63
     19830.9        0.491533E+63
     19784.6        0.472361E+63
     19738.3        0.453895E+63
     19691.9        0.436110E+63
     19645.6        0.418982E+63
     19599.3        0.402489E+63
     19552.9        0.386608E+63
     19506.6        0.371318E+63
     19460.3        0.356599E+63
     19413.9        0.342430E+63
     19367.6        0.328792E+63
     19321.3        0.315667E+63
     19274.9        0.303036E+63
     19228.6        0.290882E+63
     19182.3        0.279188E+63
     19135.9        0.267937E+63
     19089.6        0.257114E+63
     19043.3        0.246703E+63
     18996.9        0.236691E+63
     18950.6        0.227061E+63
     18904.3        0.217801E+63
     18857.9        0.208898E+63
     18811.6        0.200337E+63
     18765.3        0.192108E+63
     18718.9        0.184198E+63
     18672.6        0.176595E+63
     18626.3        0.169288E+63
     18579.9        0.162266E+63
     18533.6        0.155519E+63
     18487.3        0.149037E+63
     18440.9        0.142810E+63
     18394.6        0.136828E+63
     18348.3        0.131083E+63
     18301.9        0.125565E+63
     18255.6        0.120266E+63
     18209.3        0.115178E+63
     18162.9        0.110294E+63
     18116.6        0.105605E+63
     18070.2        0.101104E+63
     18023.9        0.967837E+62
     17977.6        0.926378E+62
     17931.2        0.886595E+62
     17884.9        0.848425E+62
     17838.6        0.811805E+62
     17792.2        0.776676E+62
     17745.9        0.742981E+62
     17699.6        0.710666E+62
     17653.2        0.679678E+62
     17606.9        0.649964E+62
     17560.6        0.621476E+62
     17514.2        0.594166E+62
     17467.9        0.567989E+62
     17421.6        0.542900E+62
     17375.2        0.518856E+62
     17328.9        0.495818E+62
     17282.6        0.473745E+62
     17236.2        0.452599E+62
     17189.9        0.432344E+62
     17143.6        0.412944E+62
     17097.2        0.394366E+62
     17050.9        0.376576E+62
     17004.6        0.359544E+62
     16958.2        0.343239E+62
     16911.9        0.327631E+62
     16865.6        0.312694E+62
     16819.2        0.298399E+62
     16772.9        0.284720E+62
     16726.6        0.271634E+62
     16680.2        0.259115E+62
     16633.9        0.247141E+62
     16587.6        0.235688E+62
     16541.2        0.224737E+62
     16494.9        0.214266E+62
     16448.6        0.204255E+62
     16402.2        0.194686E+62
     16355.9        0.185540E+62
     16309.6        0.176799E+62
     16263.2        0.168447E+62
     16216.9        0.160468E+62
     16170.6        0.152845E+62
     16124.2        0.145564E+62
     16077.9        0.138610E+62
     16031.6        0.131970E+62
     15985.2        0.125630E+62
     15938.9        0.119578E+62
     15892.6        0.113801E+62
     15846.2        0.108287E+62
     15799.9        0.103025E+62
     15753.6        0.980049E+61
     15707.2        0.932155E+61
     15660.9        0.886470E+61
     15614.5        0.842898E+61
     15568.2        0.801349E+61
     15521.9        0.761732E+61
     15475.5        0.723964E+61
     15429.2        0.687964E+61
     15382.9        0.653654E+61
     15336.5        0.620958E+61
     15290.2        0.589807E+61
     15243.9        0.560131E+61
     15197.5        0.531864E+61
     15151.2        0.504944E+61
     15104.9        0.479310E+61
     15058.5        0.454905E+61
     15012.2        0.431672E+61
     14965.9        0.409560E+61
     14919.5        0.388517E+61
     14873.2        0.368495E+61
     14826.9        0.349447E+61
     14780.5        0.331328E+61
     14734.2        0.314097E+61
     14687.9        0.297711E+61
     14641.5        0.282132E+61
     14595.2        0.267323E+61
     14548.9        0.253248E+61
     14502.5        0.239873E+61
     14456.2        0.227164E+61
     14409.9        0.215091E+61
     14363.5        0.203624E+61
     14317.2        0.192735E+61
     14270.9        0.182395E+61
     14224.5        0.172578E+61
     14178.2        0.163261E+61
     14131.9        0.154419E+61
     14085.5        0.146028E+61
     14039.2        0.138068E+61
     13992.9        0.130518E+61
     13946.5        0.123358E+61
     13900.2        0.116569E+61
     13853.9        0.110132E+61
     13807.5        0.104031E+61
     13761.2        0.982494E+60
     13714.9        0.927711E+60
     13668.5        0.875811E+60
     13622.2        0.826654E+60
     13575.9        0.780102E+60
     13529.5        0.736025E+60
     13483.2        0.694301E+60
     13436.9        0.654810E+60
     13390.5        0.617440E+60
     13344.2        0.582084E+60
     13297.9        0.548640E+60
     13251.5        0.517011E+60
     13205.2        0.487104E+60
     13158.8        0.458830E+60
     13112.5        0.432107E+60
     13066.2        0.406853E+60
     13019.8        0.382994E+60
     12973.5        0.360456E+60
     12927.2        0.339170E+60
     12880.8        0.319072E+60
     12834.5        0.300098E+60
     12788.2        0.282190E+60
     12741.8        0.265292E+60
     12695.5        0.249349E+60
     12649.2        0.234311E+60
     12602.8        0.220130E+60
     12556.5        0.206760E+60
     12510.2        0.194156E+60
     12463.8        0.182279E+60
     12417.5        0.171087E+60
     12371.2        0.160545E+60
     12324.8        0.150616E+60
     12278.5        0.141268E+60
     12232.2        0.132467E+60
     12185.8        0.124185E+60
     12139.5        0.116391E+60
     12093.2        0.109060E+60
     12046.8        0.102165E+60
     12000.5        0.956817E+59
     11954.2        0.895871E+59
     11907.8        0.838593E+59
     11861.5        0.784774E+59
     11815.2        0.734219E+59
     11768.8        0.686740E+59
     11722.5        0.642163E+59
     11676.2        0.600319E+59
     11629.8        0.561051E+59
     11583.5        0.524210E+59
     11537.2        0.489655E+59
     11490.8        0.457252E+59
     11444.5        0.426875E+59
     11398.2        0.398405E+59
     11351.8        0.371729E+59
     11305.5        0.346741E+59
     11259.2        0.323340E+59
     11212.8        0.301432E+59
     11166.5        0.280926E+59
     11120.2        0.261739E+59
     11073.8        0.243789E+59
     11027.5        0.227003E+59
     10981.2        0.211310E+59
     10934.8        0.196641E+59
     10888.5        0.182935E+59
     10842.1        0.170132E+59
     10795.8        0.158176E+59
     10749.5        0.147014E+59
     10703.1        0.136596E+59
     10656.8        0.126876E+59
     10610.5        0.117810E+59
     10564.1        0.109356E+59
     10517.8        0.101475E+59
     10471.5        0.941314E+58
     10425.1        0.872900E+58
     10378.8        0.809186E+58
     10332.5        0.749868E+58
     10286.1        0.694661E+58
     10239.8        0.643295E+58
     10193.5        0.595520E+58
     10147.1        0.551099E+58
     10100.8        0.509811E+58
     10054.5        0.471447E+58
     10008.1        0.435812E+58
     9961.80        0.402723E+58
     9915.47        0.372010E+58
     9869.14        0.343511E+58
     9822.80        0.317077E+58
     9776.47        0.292566E+58
     9730.13        0.269846E+58
     9683.80        0.248794E+58
     9637.47        0.229296E+58
     9591.13        0.211242E+58
     9544.80        0.194533E+58
     9498.46        0.179073E+58
     9452.13        0.164775E+58
     9405.80        0.151557E+58
     9359.46        0.139341E+58
     9313.13        0.128057E+58
     9266.79        0.117637E+58
     9220.46        0.108018E+58
     9174.13        0.991437E+57
     9127.79        0.909587E+57
     9081.46        0.834129E+57
     9035.12        0.764591E+57
     8988.79        0.700536E+57
     8942.46        0.641558E+57
     8896.12        0.587276E+57
     8849.79        0.537338E+57
     8803.45        0.491417E+57
     8757.12        0.449209E+57
     8710.79        0.410430E+57
     8664.45        0.374818E+57
     8618.12        0.342129E+57
     8571.79        0.312138E+57
     8525.45        0.284633E+57
     8479.12        0.259422E+57
     8432.78        0.236324E+57
     8386.45        0.215171E+57
     8340.12        0.195810E+57
     8293.78        0.178097E+57
     8247.45        0.161901E+57
     8201.11        0.147098E+57
     8154.78        0.133576E+57
     8108.45        0.121231E+57
     8062.11        0.109965E+57
     8015.78        0.996897E+56
     7969.44        0.903234E+56
     7923.11        0.817899E+56
     7876.78        0.740195E+56
     7830.44        0.669478E+56
     7784.11        0.605156E+56
     7737.77        0.546684E+56
     7691.44        0.493560E+56
     7645.11        0.445323E+56
     7598.77        0.401549E+56
     7552.44        0.361848E+56
     7506.10        0.325863E+56
     7459.77        0.293267E+56
     7413.44        0.263757E+56
     7367.10        0.237060E+56
     7320.77        0.212920E+56
     7274.43        0.191109E+56
     7228.10        0.171413E+56
     7181.77        0.153639E+56
     7135.43        0.137611E+56
     7089.10        0.123166E+56
     7042.76        0.110158E+56
     6996.43        0.984502E+55
     6950.10        0.879213E+55
     6903.76        0.784589E+55
     6857.43        0.699612E+55
     6811.09        0.623353E+55
     6764.76        0.554968E+55
     6718.43        0.493691E+55
     6672.09        0.438824E+55
     6625.76        0.389733E+55
     6579.42        0.345846E+55
     6533.09        0.306642E+55
     6486.76        0.271649E+55
     6440.42        0.240440E+55
     6394.09        0.212628E+55
     6347.75        0.187865E+55
     6301.42        0.165836E+55
     6255.09        0.146255E+55
     6208.75        0.128865E+55
     6162.42        0.113435E+55
     6116.08        0.997565E+54
     6069.75        0.876415E+54
     6023.42        0.769214E+54
     5977.08        0.674444E+54
     5930.75        0.590745E+54
     5884.41        0.516894E+54
     5838.08        0.451798E+54
     5791.75        0.394476E+54
     5745.41        0.344051E+54
     5699.08        0.299739E+54
     5652.74        0.260839E+54
     5606.41        0.226729E+54
     5560.08        0.196849E+54
     5513.74        0.170705E+54
     5467.41        0.147855E+54
     5421.07        0.127906E+54
     5374.74        0.110512E+54
     5328.41        0.953616E+53
     5282.07        0.821824E+53
     5235.74        0.707316E+53
     5189.41        0.607951E+53
     5143.07        0.521834E+53
     5096.74        0.447296E+53
     5050.40        0.382865E+53
     5004.07        0.327244E+53
     4957.74        0.279295E+53
     4911.40        0.238016E+53
     4865.07        0.202530E+53
     4818.73        0.172069E+53
     4772.40        0.145958E+53
     4726.07        0.123611E+53
     4679.73        0.104513E+53
     4633.40        0.882186E+52
     4587.06        0.743374E+52
     4540.73        0.625314E+52
     4494.40        0.525070E+52
     4448.06        0.440096E+52
     4401.73        0.368192E+52
     4355.39        0.307453E+52
     4309.06        0.256239E+52
     4262.73        0.213134E+52
     4216.39        0.176923E+52
     4170.06        0.146562E+52
     4123.72        0.121155E+52
     4077.39        0.999369E+51
     4031.06        0.822531E+51
     3984.72        0.675459E+51
     3938.39        0.553404E+51
     3892.05        0.452333E+51
     3845.72        0.368828E+51
     3799.39        0.299993E+51
     3753.05        0.243386E+51
     3706.72        0.196947E+51
     3660.38        0.158944E+51
     3614.05        0.127923E+51
     3567.72        0.102668E+51
     3521.38        0.821612E+50
     3475.05        0.655563E+50
     3428.71        0.521486E+50
     3382.38        0.413537E+50
     3336.05        0.326884E+50
     3289.71        0.257537E+50
     3243.38        0.202215E+50
     3197.04        0.158224E+50
     3150.71        0.123359E+50
     3104.38        0.958211E+49
     3058.04        0.741477E+49
     3011.71        0.571516E+49
     2965.37        0.438734E+49
     2919.04        0.335397E+49
     2872.71        0.255297E+49
     2826.37        0.193463E+49
     2780.04        0.145933E+49
     2733.70        0.109558E+49
     2687.37        0.818457E+48
     2641.04        0.608330E+48
     2594.70        0.449773E+48
     2548.37        0.330732E+48
     2502.03        0.241824E+48
     2455.70        0.175781E+48
     2409.37        0.126997E+48
     2363.03        0.911729E+47
     2316.70        0.650242E+47
     2270.36        0.460581E+47
     2224.03        0.323919E+47
     2177.70        0.226117E+47
     2131.36        0.156624E+47
     2085.03        0.107613E+47
     2038.69        0.733144E+46
     1992.36        0.495067E+46
     1946.03        0.331213E+46
     1899.69        0.219444E+46
     1853.36        0.143914E+46
     1807.02        0.933722E+45
     1760.69        0.599000E+45
     1714.36        0.379723E+45
     1668.02        0.237712E+45
     1621.69        0.146850E+45
     1575.36        0.894529E+44
     1529.02        0.536846E+44
     1482.69        0.317131E+44
     1436.35        0.184213E+44
     1390.02        0.105103E+44
     1343.69        0.588287E+43
     1297.35        0.322593E+43
     1251.02        0.173045E+43
     1204.68        0.906518E+42
     1158.35        0.462904E+42
     1112.02        0.229926E+42
     1065.68        0.110825E+42
     1019.35        0.516969E+41
     973.013        0.232668E+41
     926.679        0.100675E+41
     880.345        0.417101E+40
     834.012        0.164678E+40
     787.678        0.616146E+39
     741.344        0.217028E+39
     695.010        0.714006E+38
     648.676        0.217314E+38
     602.342        0.604761E+37
     556.008        0.151654E+37
     509.674        0.336413E+36
     463.340        0.644576E+35
     417.006        0.103355E+35
     370.672        0.132841E+34
     324.338        0.128771E+33
     278.004        0.860273E+31
     231.670        0.343716E+30
     185.336        0.644510E+28
     139.002        0.354888E+26
     92.6679        0.188543E+23
     46.3340        0.162156E+17
    0.898890-316     3.99894    
