     23167.0        0.169125E+68
     23120.7        0.163463E+68
     23074.3        0.157979E+68
     23028.0        0.152669E+68
     22981.7        0.147527E+68
     22935.3        0.142548E+68
     22889.0        0.137728E+68
     22842.6        0.133062E+68
     22796.3        0.128544E+68
     22750.0        0.124171E+68
     22703.6        0.119939E+68
     22657.3        0.115843E+68
     22611.0        0.111878E+68
     22564.6        0.108042E+68
     22518.3        0.104329E+68
     22472.0        0.100737E+68
     22425.6        0.972618E+67
     22379.3        0.938994E+67
     22333.0        0.906466E+67
     22286.6        0.875001E+67
     22240.3        0.844566E+67
     22194.0        0.815130E+67
     22147.6        0.786661E+67
     22101.3        0.759130E+67
     22055.0        0.732508E+67
     22008.6        0.706766E+67
     21962.3        0.681877E+67
     21916.0        0.657815E+67
     21869.6        0.634554E+67
     21823.3        0.612068E+67
     21777.0        0.590334E+67
     21730.6        0.569328E+67
     21684.3        0.549027E+67
     21638.0        0.529409E+67
     21591.6        0.510451E+67
     21545.3        0.492134E+67
     21499.0        0.474437E+67
     21452.6        0.457341E+67
     21406.3        0.440825E+67
     21360.0        0.424872E+67
     21313.6        0.409463E+67
     21267.3        0.394581E+67
     21221.0        0.380210E+67
     21174.6        0.366332E+67
     21128.3        0.352932E+67
     21082.0        0.339995E+67
     21035.6        0.327504E+67
     20989.3        0.315447E+67
     20943.0        0.303808E+67
     20896.6        0.292574E+67
     20850.3        0.281733E+67
     20804.0        0.271270E+67
     20757.6        0.261173E+67
     20711.3        0.251431E+67
     20665.0        0.242032E+67
     20618.6        0.232964E+67
     20572.3        0.224217E+67
     20526.0        0.215779E+67
     20479.6        0.207641E+67
     20433.3        0.199793E+67
     20386.9        0.192224E+67
     20340.6        0.184926E+67
     20294.3        0.177889E+67
     20247.9        0.171105E+67
     20201.6        0.164564E+67
     20155.3        0.158260E+67
     20108.9        0.152184E+67
     20062.6        0.146327E+67
     20016.3        0.140683E+67
     19969.9        0.135245E+67
     19923.6        0.130004E+67
     19877.3        0.124956E+67
     19830.9        0.120092E+67
     19784.6        0.115407E+67
     19738.3        0.110894E+67
     19691.9        0.106548E+67
     19645.6        0.102363E+67
     19599.3        0.983321E+66
     19552.9        0.944514E+66
     19506.6        0.907151E+66
     19460.3        0.871183E+66
     19413.9        0.836561E+66
     19367.6        0.803236E+66
     19321.3        0.771164E+66
     19274.9        0.740299E+66
     19228.6        0.710601E+66
     19182.3        0.682026E+66
     19135.9        0.654535E+66
     19089.6        0.628090E+66
     19043.3        0.602652E+66
     18996.9        0.578187E+66
     18950.6        0.554658E+66
     18904.3        0.532033E+66
     18857.9        0.510279E+66
     18811.6        0.489364E+66
     18765.3        0.469257E+66
     18718.9        0.449930E+66
     18672.6        0.431354E+66
     18626.3        0.413502E+66
     18579.9        0.396347E+66
     18533.6        0.379863E+66
     18487.3        0.364026E+66
     18440.9        0.348812E+66
     18394.6        0.334198E+66
     18348.3        0.320162E+66
     18301.9        0.306681E+66
     18255.6        0.293737E+66
     18209.3        0.281308E+66
     18162.9        0.269375E+66
     18116.6        0.257919E+66
     18070.2        0.246924E+66
     18023.9        0.236370E+66
     17977.6        0.226243E+66
     17931.2        0.216524E+66
     17884.9        0.207200E+66
     17838.6        0.198255E+66
     17792.2        0.189673E+66
     17745.9        0.181443E+66
     17699.6        0.173549E+66
     17653.2        0.165980E+66
     17606.9        0.158722E+66
     17560.6        0.151763E+66
     17514.2        0.145092E+66
     17467.9        0.138698E+66
     17421.6        0.132570E+66
     17375.2        0.126698E+66
     17328.9        0.121070E+66
     17282.6        0.115679E+66
     17236.2        0.110514E+66
     17189.9        0.105567E+66
     17143.6        0.100829E+66
     17097.2        0.962917E+65
     17050.9        0.919469E+65
     17004.6        0.877871E+65
     16958.2        0.838049E+65
     16911.9        0.799932E+65
     16865.6        0.763451E+65
     16819.2        0.728540E+65
     16772.9        0.695136E+65
     16726.6        0.663177E+65
     16680.2        0.632605E+65
     16633.9        0.603363E+65
     16587.6        0.575396E+65
     16541.2        0.548653E+65
     16494.9        0.523083E+65
     16448.6        0.498638E+65
     16402.2        0.475270E+65
     16355.9        0.452937E+65
     16309.6        0.431594E+65
     16263.2        0.411200E+65
     16216.9        0.391715E+65
     16170.6        0.373102E+65
     16124.2        0.355324E+65
     16077.9        0.338345E+65
     16031.6        0.322132E+65
     15985.2        0.306652E+65
     15938.9        0.291875E+65
     15892.6        0.277769E+65
     15846.2        0.264307E+65
     15799.9        0.251461E+65
     15753.6        0.239204E+65
     15707.2        0.227511E+65
     15660.9        0.216358E+65
     15614.5        0.205720E+65
     15568.2        0.195577E+65
     15521.9        0.185905E+65
     15475.5        0.176685E+65
     15429.2        0.167896E+65
     15382.9        0.159521E+65
     15336.5        0.151539E+65
     15290.2        0.143935E+65
     15243.9        0.136691E+65
     15197.5        0.129791E+65
     15151.2        0.123219E+65
     15104.9        0.116962E+65
     15058.5        0.111005E+65
     15012.2        0.105334E+65
     14965.9        0.999368E+64
     14919.5        0.948006E+64
     14873.2        0.899136E+64
     14826.9        0.852644E+64
     14780.5        0.808422E+64
     14734.2        0.766365E+64
     14687.9        0.726374E+64
     14641.5        0.688352E+64
     14595.2        0.652210E+64
     14548.9        0.617859E+64
     14502.5        0.585217E+64
     14456.2        0.554202E+64
     14409.9        0.524740E+64
     14363.5        0.496756E+64
     14317.2        0.470181E+64
     14270.9        0.444949E+64
     14224.5        0.420995E+64
     14178.2        0.398258E+64
     14131.9        0.376681E+64
     14085.5        0.356208E+64
     14039.2        0.336785E+64
     13992.9        0.318363E+64
     13946.5        0.300892E+64
     13900.2        0.284326E+64
     13853.9        0.268621E+64
     13807.5        0.253736E+64
     13761.2        0.239629E+64
     13714.9        0.226263E+64
     13668.5        0.213601E+64
     13622.2        0.201608E+64
     13575.9        0.190251E+64
     13529.5        0.179498E+64
     13483.2        0.169319E+64
     13436.9        0.159686E+64
     13390.5        0.150569E+64
     13344.2        0.141945E+64
     13297.9        0.133786E+64
     13251.5        0.126071E+64
     13205.2        0.118776E+64
     13158.8        0.111879E+64
     13112.5        0.105361E+64
     13066.2        0.992012E+63
     13019.8        0.933817E+63
     12973.5        0.878845E+63
     12927.2        0.826930E+63
     12880.8        0.777912E+63
     12834.5        0.731638E+63
     12788.2        0.687963E+63
     12741.8        0.646751E+63
     12695.5        0.607871E+63
     12649.2        0.571199E+63
     12602.8        0.536616E+63
     12556.5        0.504011E+63
     12510.2        0.473278E+63
     12463.8        0.444314E+63
     12417.5        0.417025E+63
     12371.2        0.391319E+63
     12324.8        0.367110E+63
     12278.5        0.344315E+63
     12232.2        0.322858E+63
     12185.8        0.302664E+63
     12139.5        0.283663E+63
     12093.2        0.265789E+63
     12046.8        0.248979E+63
     12000.5        0.233173E+63
     11954.2        0.218315E+63
     11907.8        0.204352E+63
     11861.5        0.191232E+63
     11815.2        0.178908E+63
     11768.8        0.167335E+63
     11722.5        0.156469E+63
     11676.2        0.146269E+63
     11629.8        0.136698E+63
     11583.5        0.127718E+63
     11537.2        0.119296E+63
     11490.8        0.111399E+63
     11444.5        0.103995E+63
     11398.2        0.970567E+62
     11351.8        0.905556E+62
     11305.5        0.844659E+62
     11259.2        0.787632E+62
     11212.8        0.734244E+62
     11166.5        0.684275E+62
     11120.2        0.637520E+62
     11073.8        0.593783E+62
     11027.5        0.552883E+62
     10981.2        0.514644E+62
     10934.8        0.478905E+62
     10888.5        0.445512E+62
     10842.1        0.414319E+62
     10795.8        0.385190E+62
     10749.5        0.357997E+62
     10703.1        0.332618E+62
     10656.8        0.308939E+62
     10610.5        0.286854E+62
     10564.1        0.266261E+62
     10517.8        0.247065E+62
     10471.5        0.229178E+62
     10425.1        0.212514E+62
     10378.8        0.196996E+62
     10332.5        0.182549E+62
     10286.1        0.169103E+62
     10239.8        0.156594E+62
     10193.5        0.144959E+62
     10147.1        0.134142E+62
     10100.8        0.124087E+62
     10054.5        0.114746E+62
     10008.1        0.106069E+62
     9961.80        0.980119E+61
     9915.47        0.905338E+61
     9869.14        0.835952E+61
     9822.80        0.771593E+61
     9776.47        0.711919E+61
     9730.13        0.656609E+61
     9683.80        0.605362E+61
     9637.47        0.557897E+61
     9591.13        0.513950E+61
     9544.80        0.473278E+61
     9498.46        0.435648E+61
     9452.13        0.400848E+61
     9405.80        0.368677E+61
     9359.46        0.338948E+61
     9313.13        0.311485E+61
     9266.79        0.286127E+61
     9220.46        0.262721E+61
     9174.13        0.241127E+61
     9127.79        0.221210E+61
     9081.46        0.202850E+61
     9035.12        0.185931E+61
     8988.79        0.170347E+61
     8942.46        0.155998E+61
     8896.12        0.142793E+61
     8849.79        0.130645E+61
     8803.45        0.119474E+61
     8757.12        0.109207E+61
     8710.79        0.997752E+60
     8664.45        0.911136E+60
     8618.12        0.831633E+60
     8571.79        0.758694E+60
     8525.45        0.691807E+60
     8479.12        0.630499E+60
     8432.78        0.574331E+60
     8386.45        0.522898E+60
     8340.12        0.475823E+60
     8293.78        0.432759E+60
     8247.45        0.393382E+60
     8201.11        0.357396E+60
     8154.78        0.324525E+60
     8108.45        0.294515E+60
     8062.11        0.267131E+60
     8015.78        0.242157E+60
     7969.44        0.219392E+60
     7923.11        0.198654E+60
     7876.78        0.179770E+60
     7830.44        0.162586E+60
     7784.11        0.146956E+60
     7737.77        0.132749E+60
     7691.44        0.119842E+60
     7645.11        0.108123E+60
     7598.77        0.974883E+59
     7552.44        0.878442E+59
     7506.10        0.791033E+59
     7459.77        0.711859E+59
     7413.44        0.640188E+59
     7367.10        0.575349E+59
     7320.77        0.516728E+59
     7274.43        0.463763E+59
     7228.10        0.415939E+59
     7181.77        0.372784E+59
     7135.43        0.333870E+59
     7089.10        0.298803E+59
     7042.76        0.267225E+59
     6996.43        0.238807E+59
     6950.10        0.213251E+59
     6903.76        0.190286E+59
     6857.43        0.169664E+59
     6811.09        0.151158E+59
     6764.76        0.134565E+59
     6718.43        0.119697E+59
     6672.09        0.106386E+59
     6625.76        0.944770E+58
     6579.42        0.838312E+58
     6533.09        0.743220E+58
     6486.76        0.658349E+58
     6440.42        0.582662E+58
     6394.09        0.515221E+58
     6347.75        0.455178E+58
     6301.42        0.401766E+58
     6255.09        0.354295E+58
     6208.75        0.312140E+58
     6162.42        0.274739E+58
     6116.08        0.241586E+58
     6069.75        0.212226E+58
     6023.42        0.186249E+58
     5977.08        0.163286E+58
     5930.75        0.143007E+58
     5884.41        0.125117E+58
     5838.08        0.109348E+58
     5791.75        0.954643E+57
     5745.41        0.832522E+57
     5699.08        0.725217E+57
     5652.74        0.631029E+57
     5606.41        0.548445E+57
     5560.08        0.476112E+57
     5513.74        0.412829E+57
     5467.41        0.357526E+57
     5421.07        0.309251E+57
     5374.74        0.267161E+57
     5328.41        0.230507E+57
     5282.07        0.198625E+57
     5235.74        0.170927E+57
     5189.41        0.146895E+57
     5143.07        0.126070E+57
     5096.74        0.108048E+57
     5050.40        0.924708E+56
     5004.07        0.790257E+56
     4957.74        0.674366E+56
     4911.40        0.574612E+56
     4865.07        0.488869E+56
     4818.73        0.415277E+56
     4772.40        0.352205E+56
     4726.07        0.298231E+56
     4679.73        0.252114E+56
     4633.40        0.212771E+56
     4587.06        0.179261E+56
     4540.73        0.150765E+56
     4494.40        0.126574E+56
     4448.06        0.106071E+56
     4401.73        0.887239E+55
     4355.39        0.740735E+55
     4309.06        0.617226E+55
     4262.73        0.513295E+55
     4216.39        0.426001E+55
     4170.06        0.352823E+55
     4123.72        0.291599E+55
     4077.39        0.240479E+55
     4031.06        0.197882E+55
     3984.72        0.162463E+55
     3938.39        0.133075E+55
     3892.05        0.108746E+55
     3845.72        0.886484E+54
     3799.39        0.720860E+54
     3753.05        0.584689E+54
     3706.72        0.473004E+54
     3660.38        0.381630E+54
     3614.05        0.307063E+54
     3567.72        0.246371E+54
     3521.38        0.197105E+54
     3475.05        0.157223E+54
     3428.71        0.125029E+54
     3382.38        0.991166E+53
     3336.05        0.783223E+53
     3289.71        0.616862E+53
     3243.38        0.484187E+53
     3197.04        0.378720E+53
     3150.71        0.295161E+53
     3104.38        0.229186E+53
     3058.04        0.177279E+53
     3011.71        0.136589E+53
     2965.37        0.104812E+53
     2919.04        0.800917E+52
     2872.71        0.609374E+52
     2826.37        0.461574E+52
     2780.04        0.348012E+52
     2733.70        0.261141E+52
     2687.37        0.194990E+52
     2641.04        0.144855E+52
     2594.70        0.107042E+52
     2548.37        0.786679E+51
     2502.03        0.574873E+51
     2455.70        0.417624E+51
     2409.37        0.301536E+51
     2363.03        0.216337E+51
     2316.70        0.154188E+51
     2270.36        0.109139E+51
     2224.03        0.766995E+50
     2177.70        0.535009E+50
     2131.36        0.370292E+50
     2085.03        0.254208E+50
     2038.69        0.173037E+50
     1992.36        0.116741E+50
     1946.03        0.780284E+49
     1899.69        0.516460E+49
     1853.36        0.338346E+49
     1807.02        0.219280E+49
     1760.69        0.140510E+49
     1714.36        0.889642E+48
     1668.02        0.556212E+48
     1621.69        0.343138E+48
     1575.36        0.208719E+48
     1529.02        0.125069E+48
     1482.69        0.737616E+47
     1436.35        0.427718E+47
     1390.02        0.243582E+47
     1343.69        0.136068E+47
     1297.35        0.744556E+46
     1251.02        0.398480E+46
     1204.68        0.208233E+46
     1158.35        0.106048E+46
     1112.02        0.525219E+45
     1065.68        0.252359E+45
     1019.35        0.117314E+45
     973.013        0.525989E+44
     926.679        0.226646E+44
     880.345        0.934674E+43
     834.012        0.367129E+43
     787.678        0.136571E+43
     741.344        0.477927E+42
     695.010        0.156073E+42
     648.676        0.471001E+41
     602.342        0.129788E+41
     556.008        0.321722E+40
     509.674        0.703919E+39
     463.340        0.132647E+39
     417.006        0.208369E+38
     370.672        0.260947E+37
     324.338        0.244519E+36
     278.004        0.155991E+35
     231.670        0.583219E+33
     185.336        0.985838E+31
     139.002        0.451182E+29
     92.6679        0.157099E+26
     46.3340        0.189682E+19
    0.898890-316    -10667.1    
