    -1.50000       -0.400000         11.8198    
    -1.46250       -0.400000         11.7687    
    -1.42500       -0.400000         11.6996    
    -1.38750       -0.400000         11.6158    
    -1.35000       -0.400000         11.5208    
    -1.31250       -0.400000         11.4182    
    -1.27500       -0.400000         11.3117    
    -1.23750       -0.400000         11.2046    
    -1.20000       -0.400000         11.0995    
    -1.16250       -0.400000         10.9990    
    -1.12500       -0.400000         10.9045    
    -1.08750       -0.400000         10.8174    
    -1.05000       -0.400000         10.7382    
    -1.01250       -0.400000         10.6672    
   -0.975000       -0.400000         10.6044    
   -0.937500       -0.400000         10.5494    
   -0.900000       -0.400000         10.5019    
   -0.862500       -0.400000         10.4614    
   -0.825000       -0.400000         10.4272    
   -0.787500       -0.400000         10.3989    
   -0.750000       -0.400000         10.3760    
   -0.712500       -0.400000         10.3580    
   -0.675000       -0.400000         10.3445    
   -0.637500       -0.400000         10.3354    
   -0.600000       -0.400000         10.3304    
   -0.562500       -0.400000         10.3294    
   -0.525000       -0.400000         10.3323    
   -0.487500       -0.400000         10.3393    
   -0.450000       -0.400000         10.3504    
   -0.412500       -0.400000         10.3660    
   -0.375000       -0.400000         10.3863    
   -0.337500       -0.400000         10.4117    
   -0.300000       -0.400000         10.4428    
   -0.262500       -0.400000         10.4799    
   -0.225000       -0.400000         10.5237    
   -0.187500       -0.400000         10.5747    
   -0.150000       -0.400000         10.6334    
   -0.112500       -0.400000         10.7001    
   -0.750000E-01   -0.400000         10.7751    
   -0.375000E-01   -0.400000         10.8581    
     0.00000       -0.400000         10.9489    

    -1.50000       -0.360000         12.0281    
    -1.46250       -0.360000         11.9711    
    -1.42500       -0.360000         11.8942    
    -1.38750       -0.360000         11.8008    
    -1.35000       -0.360000         11.6949    
    -1.31250       -0.360000         11.5806    
    -1.27500       -0.360000         11.4619    
    -1.23750       -0.360000         11.3425    
    -1.20000       -0.360000         11.2254    
    -1.16250       -0.360000         11.1133    
    -1.12500       -0.360000         11.0081    
    -1.08750       -0.360000         10.9110    
    -1.05000       -0.360000         10.8227    
    -1.01250       -0.360000         10.7436    
   -0.975000       -0.360000         10.6735    
   -0.937500       -0.360000         10.6123    
   -0.900000       -0.360000         10.5594    
   -0.862500       -0.360000         10.5142    
   -0.825000       -0.360000         10.4761    
   -0.787500       -0.360000         10.4446    
   -0.750000       -0.360000         10.4190    
   -0.712500       -0.360000         10.3989    
   -0.675000       -0.360000         10.3840    
   -0.637500       -0.360000         10.3738    
   -0.600000       -0.360000         10.3682    
   -0.562500       -0.360000         10.3671    
   -0.525000       -0.360000         10.3704    
   -0.487500       -0.360000         10.3781    
   -0.450000       -0.360000         10.3905    
   -0.412500       -0.360000         10.4079    
   -0.375000       -0.360000         10.4305    
   -0.337500       -0.360000         10.4589    
   -0.300000       -0.360000         10.4935    
   -0.262500       -0.360000         10.5349    
   -0.225000       -0.360000         10.5837    
   -0.187500       -0.360000         10.6405    
   -0.150000       -0.360000         10.7059    
   -0.112500       -0.360000         10.7803    
   -0.750000E-01   -0.360000         10.8638    
   -0.375000E-01   -0.360000         10.9564    
     0.00000       -0.360000         11.0575    

    -1.50000       -0.320000         12.2652    
    -1.46250       -0.320000         12.2015    
    -1.42500       -0.320000         12.1156    
    -1.38750       -0.320000         12.0113    
    -1.35000       -0.320000         11.8930    
    -1.31250       -0.320000         11.7653    
    -1.27500       -0.320000         11.6328    
    -1.23750       -0.320000         11.4994    
    -1.20000       -0.320000         11.3687    
    -1.16250       -0.320000         11.2435    
    -1.12500       -0.320000         11.1259    
    -1.08750       -0.320000         11.0174    
    -1.05000       -0.320000         10.9188    
    -1.01250       -0.320000         10.8305    
   -0.975000       -0.320000         10.7523    
   -0.937500       -0.320000         10.6839    
   -0.900000       -0.320000         10.6248    
   -0.862500       -0.320000         10.5743    
   -0.825000       -0.320000         10.5317    
   -0.787500       -0.320000         10.4965    
   -0.750000       -0.320000         10.4680    
   -0.712500       -0.320000         10.4456    
   -0.675000       -0.320000         10.4289    
   -0.637500       -0.320000         10.4175    
   -0.600000       -0.320000         10.4113    
   -0.562500       -0.320000         10.4100    
   -0.525000       -0.320000         10.4136    
   -0.487500       -0.320000         10.4223    
   -0.450000       -0.320000         10.4362    
   -0.412500       -0.320000         10.4556    
   -0.375000       -0.320000         10.4808    
   -0.337500       -0.320000         10.5125    
   -0.300000       -0.320000         10.5511    
   -0.262500       -0.320000         10.5974    
   -0.225000       -0.320000         10.6519    
   -0.187500       -0.320000         10.7154    
   -0.150000       -0.320000         10.7885    
   -0.112500       -0.320000         10.8715    
   -0.750000E-01   -0.320000         10.9648    
   -0.375000E-01   -0.320000         11.0682    
     0.00000       -0.320000         11.1811    

    -1.50000       -0.280000         12.5310    
    -1.46250       -0.280000         12.4599    
    -1.42500       -0.280000         12.3639    
    -1.38750       -0.280000         12.2473    
    -1.35000       -0.280000         12.1152    
    -1.31250       -0.280000         11.9725    
    -1.27500       -0.280000         11.8244    
    -1.23750       -0.280000         11.6753    
    -1.20000       -0.280000         11.5293    
    -1.16250       -0.280000         11.3894    
    -1.12500       -0.280000         11.2581    
    -1.08750       -0.280000         11.1368    
    -1.05000       -0.280000         11.0267    
    -1.01250       -0.280000         10.9279    
   -0.975000       -0.280000         10.8406    
   -0.937500       -0.280000         10.7641    
   -0.900000       -0.280000         10.6981    
   -0.862500       -0.280000         10.6417    
   -0.825000       -0.280000         10.5941    
   -0.787500       -0.280000         10.5548    
   -0.750000       -0.280000         10.5229    
   -0.712500       -0.280000         10.4979    
   -0.675000       -0.280000         10.4792    
   -0.637500       -0.280000         10.4665    
   -0.600000       -0.280000         10.4595    
   -0.562500       -0.280000         10.4581    
   -0.525000       -0.280000         10.4622    
   -0.487500       -0.280000         10.4719    
   -0.450000       -0.280000         10.4874    
   -0.412500       -0.280000         10.5090    
   -0.375000       -0.280000         10.5373    
   -0.337500       -0.280000         10.5727    
   -0.300000       -0.280000         10.6158    
   -0.262500       -0.280000         10.6675    
   -0.225000       -0.280000         10.7284    
   -0.187500       -0.280000         10.7994    
   -0.150000       -0.280000         10.8810    
   -0.112500       -0.280000         10.9738    
   -0.750000E-01   -0.280000         11.0780    
   -0.375000E-01   -0.280000         11.1935    
     0.00000       -0.280000         11.3197    

    -1.50000       -0.240000         12.8243    
    -1.46250       -0.240000         12.7449    
    -1.42500       -0.240000         12.6378    
    -1.38750       -0.240000         12.5077    
    -1.35000       -0.240000         12.3602    
    -1.31250       -0.240000         12.2011    
    -1.27500       -0.240000         12.0358    
    -1.23750       -0.240000         11.8694    
    -1.20000       -0.240000         11.7065    
    -1.16250       -0.240000         11.5504    
    -1.12500       -0.240000         11.4038    
    -1.08750       -0.240000         11.2685    
    -1.05000       -0.240000         11.1456    
    -1.01250       -0.240000         11.0354    
   -0.975000       -0.240000         10.9379    
   -0.937500       -0.240000         10.8527    
   -0.900000       -0.240000         10.7790    
   -0.862500       -0.240000         10.7160    
   -0.825000       -0.240000         10.6630    
   -0.787500       -0.240000         10.6191    
   -0.750000       -0.240000         10.5835    
   -0.712500       -0.240000         10.5556    
   -0.675000       -0.240000         10.5347    
   -0.637500       -0.240000         10.5206    
   -0.600000       -0.240000         10.5128    
   -0.562500       -0.240000         10.5112    
   -0.525000       -0.240000         10.5157    
   -0.487500       -0.240000         10.5265    
   -0.450000       -0.240000         10.5438    
   -0.412500       -0.240000         10.5680    
   -0.375000       -0.240000         10.5995    
   -0.337500       -0.240000         10.6390    
   -0.300000       -0.240000         10.6872    
   -0.262500       -0.240000         10.7448    
   -0.225000       -0.240000         10.8128    
   -0.187500       -0.240000         10.8920    
   -0.150000       -0.240000         10.9831    
   -0.112500       -0.240000         11.0866    
   -0.750000E-01   -0.240000         11.2029    
   -0.375000E-01   -0.240000         11.3318    
     0.00000       -0.240000         11.4726    

    -1.50000       -0.200000         13.1419    
    -1.46250       -0.200000         13.0536    
    -1.42500       -0.200000         12.9344    
    -1.38750       -0.200000         12.7897    
    -1.35000       -0.200000         12.6256    
    -1.31250       -0.200000         12.4486    
    -1.27500       -0.200000         12.2647    
    -1.23750       -0.200000         12.0796    
    -1.20000       -0.200000         11.8984    
    -1.16250       -0.200000         11.7247    
    -1.12500       -0.200000         11.5617    
    -1.08750       -0.200000         11.4112    
    -1.05000       -0.200000         11.2744    
    -1.01250       -0.200000         11.1519    
   -0.975000       -0.200000         11.0434    
   -0.937500       -0.200000         10.9485    
   -0.900000       -0.200000         10.8665    
   -0.862500       -0.200000         10.7965    
   -0.825000       -0.200000         10.7375    
   -0.787500       -0.200000         10.6887    
   -0.750000       -0.200000         10.6491    
   -0.712500       -0.200000         10.6180    
   -0.675000       -0.200000         10.5949    
   -0.637500       -0.200000         10.5791    
   -0.600000       -0.200000         10.5704    
   -0.562500       -0.200000         10.5687    
   -0.525000       -0.200000         10.5737    
   -0.487500       -0.200000         10.5858    
   -0.450000       -0.200000         10.6050    
   -0.412500       -0.200000         10.6319    
   -0.375000       -0.200000         10.6669    
   -0.337500       -0.200000         10.7109    
   -0.300000       -0.200000         10.7644    
   -0.262500       -0.200000         10.8286    
   -0.225000       -0.200000         10.9042    
   -0.187500       -0.200000         10.9923    
   -0.150000       -0.200000         11.0936    
   -0.112500       -0.200000         11.2088    
   -0.750000E-01   -0.200000         11.3381    
   -0.375000E-01   -0.200000         11.4816    
     0.00000       -0.200000         11.6382    

    -1.50000       -0.160000         13.4786    
    -1.46250       -0.160000         13.3809    
    -1.42500       -0.160000         13.2489    
    -1.38750       -0.160000         13.0887    
    -1.35000       -0.160000         12.9071    
    -1.31250       -0.160000         12.7110    
    -1.27500       -0.160000         12.5074    
    -1.23750       -0.160000         12.3025    
    -1.20000       -0.160000         12.1018    
    -1.16250       -0.160000         11.9096    
    -1.12500       -0.160000         11.7290    
    -1.08750       -0.160000         11.5624    
    -1.05000       -0.160000         11.4110    
    -1.01250       -0.160000         11.2753    
   -0.975000       -0.160000         11.1552    
   -0.937500       -0.160000         11.0502    
   -0.900000       -0.160000         10.9594    
   -0.862500       -0.160000         10.8819    
   -0.825000       -0.160000         10.8166    
   -0.787500       -0.160000         10.7625    
   -0.750000       -0.160000         10.7187    
   -0.712500       -0.160000         10.6843    
   -0.675000       -0.160000         10.6586    
   -0.637500       -0.160000         10.6412    
   -0.600000       -0.160000         10.6316    
   -0.562500       -0.160000         10.6296    
   -0.525000       -0.160000         10.6352    
   -0.487500       -0.160000         10.6485    
   -0.450000       -0.160000         10.6698    
   -0.412500       -0.160000         10.6996    
   -0.375000       -0.160000         10.7384    
   -0.337500       -0.160000         10.7870    
   -0.300000       -0.160000         10.8464    
   -0.262500       -0.160000         10.9174    
   -0.225000       -0.160000         11.0012    
   -0.187500       -0.160000         11.0987    
   -0.150000       -0.160000         11.2108    
   -0.112500       -0.160000         11.3383    
   -0.750000E-01   -0.160000         11.4816    
   -0.375000E-01   -0.160000         11.6404    
     0.00000       -0.160000         11.8138    

    -1.50000       -0.120000         13.8271    
    -1.46250       -0.120000         13.7195    
    -1.42500       -0.120000         13.5744    
    -1.38750       -0.120000         13.3981    
    -1.35000       -0.120000         13.1983    
    -1.31250       -0.120000         12.9826    
    -1.27500       -0.120000         12.7586    
    -1.23750       -0.120000         12.5332    
    -1.20000       -0.120000         12.3124    
    -1.16250       -0.120000         12.1009    
    -1.12500       -0.120000         11.9023    
    -1.08750       -0.120000         11.7190    
    -1.05000       -0.120000         11.5524    
    -1.01250       -0.120000         11.4031    
   -0.975000       -0.120000         11.2710    
   -0.937500       -0.120000         11.1554    
   -0.900000       -0.120000         11.0555    
   -0.862500       -0.120000         10.9702    
   -0.825000       -0.120000         10.8984    
   -0.787500       -0.120000         10.8389    
   -0.750000       -0.120000         10.7906    
   -0.712500       -0.120000         10.7528    
   -0.675000       -0.120000         10.7246    
   -0.637500       -0.120000         10.7054    
   -0.600000       -0.120000         10.6949    
   -0.562500       -0.120000         10.6927    
   -0.525000       -0.120000         10.6989    
   -0.487500       -0.120000         10.7135    
   -0.450000       -0.120000         10.7369    
   -0.412500       -0.120000         10.7697    
   -0.375000       -0.120000         10.8124    
   -0.337500       -0.120000         10.8659    
   -0.300000       -0.120000         10.9312    
   -0.262500       -0.120000         11.0093    
   -0.225000       -0.120000         11.1014    
   -0.187500       -0.120000         11.2087    
   -0.150000       -0.120000         11.3321    
   -0.112500       -0.120000         11.4724    
   -0.750000E-01   -0.120000         11.6300    
   -0.375000E-01   -0.120000         11.8047    
     0.00000       -0.120000         11.9955    

    -1.50000       -0.800000E-01     14.1775    
    -1.46250       -0.800000E-01     14.0601    
    -1.42500       -0.800000E-01     13.9016    
    -1.38750       -0.800000E-01     13.7093    
    -1.35000       -0.800000E-01     13.4911    
    -1.31250       -0.800000E-01     13.2557    
    -1.27500       -0.800000E-01     13.0112    
    -1.23750       -0.800000E-01     12.7652    
    -1.20000       -0.800000E-01     12.5241    
    -1.16250       -0.800000E-01     12.2932    
    -1.12500       -0.800000E-01     12.0764    
    -1.08750       -0.800000E-01     11.8764    
    -1.05000       -0.800000E-01     11.6945    
    -1.01250       -0.800000E-01     11.5316    
   -0.975000       -0.800000E-01     11.3873    
   -0.937500       -0.800000E-01     11.2612    
   -0.900000       -0.800000E-01     11.1522    
   -0.862500       -0.800000E-01     11.0591    
   -0.825000       -0.800000E-01     10.9806    
   -0.787500       -0.800000E-01     10.9157    
   -0.750000       -0.800000E-01     10.8630    
   -0.712500       -0.800000E-01     10.8217    
   -0.675000       -0.800000E-01     10.7909    
   -0.637500       -0.800000E-01     10.7700    
   -0.600000       -0.800000E-01     10.7585    
   -0.562500       -0.800000E-01     10.7561    
   -0.525000       -0.800000E-01     10.7628    
   -0.487500       -0.800000E-01     10.7788    
   -0.450000       -0.800000E-01     10.8044    
   -0.412500       -0.800000E-01     10.8402    
   -0.375000       -0.800000E-01     10.8868    
   -0.337500       -0.800000E-01     10.9452    
   -0.300000       -0.800000E-01     11.0164    
   -0.262500       -0.800000E-01     11.1017    
   -0.225000       -0.800000E-01     11.2023    
   -0.187500       -0.800000E-01     11.3194    
   -0.150000       -0.800000E-01     11.4541    
   -0.112500       -0.800000E-01     11.6072    
   -0.750000E-01   -0.800000E-01     11.7792    
   -0.375000E-01   -0.800000E-01     11.9699    
     0.00000       -0.800000E-01     12.1782    

    -1.50000       -0.400000E-01     14.5181    
    -1.46250       -0.400000E-01     14.3911    
    -1.42500       -0.400000E-01     14.2197    
    -1.38750       -0.400000E-01     14.0117    
    -1.35000       -0.400000E-01     13.7757    
    -1.31250       -0.400000E-01     13.5211    
    -1.27500       -0.400000E-01     13.2567    
    -1.23750       -0.400000E-01     12.9906    
    -1.20000       -0.400000E-01     12.7299    
    -1.16250       -0.400000E-01     12.4802    
    -1.12500       -0.400000E-01     12.2457    
    -1.08750       -0.400000E-01     12.0293    
    -1.05000       -0.400000E-01     11.8327    
    -1.01250       -0.400000E-01     11.6564    
   -0.975000       -0.400000E-01     11.5005    
   -0.937500       -0.400000E-01     11.3640    
   -0.900000       -0.400000E-01     11.2461    
   -0.862500       -0.400000E-01     11.1454    
   -0.825000       -0.400000E-01     11.0606    
   -0.787500       -0.400000E-01     10.9903    
   -0.750000       -0.400000E-01     10.9334    
   -0.712500       -0.400000E-01     10.8887    
   -0.675000       -0.400000E-01     10.8554    
   -0.637500       -0.400000E-01     10.8328    
   -0.600000       -0.400000E-01     10.8203    
   -0.562500       -0.400000E-01     10.8178    
   -0.525000       -0.400000E-01     10.8250    
   -0.487500       -0.400000E-01     10.8423    
   -0.450000       -0.400000E-01     10.8700    
   -0.412500       -0.400000E-01     10.9086    
   -0.375000       -0.400000E-01     10.9591    
   -0.337500       -0.400000E-01     11.0222    
   -0.300000       -0.400000E-01     11.0993    
   -0.262500       -0.400000E-01     11.1915    
   -0.225000       -0.400000E-01     11.3003    
   -0.187500       -0.400000E-01     11.4269    
   -0.150000       -0.400000E-01     11.5726    
   -0.112500       -0.400000E-01     11.7382    
   -0.750000E-01   -0.400000E-01     11.9243    
   -0.375000E-01   -0.400000E-01     12.1305    
     0.00000       -0.400000E-01     12.3558    

    -1.50000         0.00000         14.8355    
    -1.46250         0.00000         14.6996    
    -1.42500         0.00000         14.5162    
    -1.38750         0.00000         14.2935    
    -1.35000         0.00000         14.0410    
    -1.31250         0.00000         13.7685    
    -1.27500         0.00000         13.4855    
    -1.23750         0.00000         13.2007    
    -1.20000         0.00000         12.9217    
    -1.16250         0.00000         12.6544    
    -1.12500         0.00000         12.4035    
    -1.08750         0.00000         12.1719    
    -1.05000         0.00000         11.9614    
    -1.01250         0.00000         11.7728    
   -0.975000         0.00000         11.6059    
   -0.937500         0.00000         11.4599    
   -0.900000         0.00000         11.3337    
   -0.862500         0.00000         11.2259    
   -0.825000         0.00000         11.1351    
   -0.787500         0.00000         11.0599    
   -0.750000         0.00000         10.9990    
   -0.712500         0.00000         10.9512    
   -0.675000         0.00000         10.9155    
   -0.637500         0.00000         10.8913    
   -0.600000         0.00000         10.8779    
   -0.562500         0.00000         10.8752    
   -0.525000         0.00000         10.8830    
   -0.487500         0.00000         10.9015    
   -0.450000         0.00000         10.9311    
   -0.412500         0.00000         10.9725    
   -0.375000         0.00000         11.0264    
   -0.337500         0.00000         11.0940    
   -0.300000         0.00000         11.1765    
   -0.262500         0.00000         11.2753    
   -0.225000         0.00000         11.3917    
   -0.187500         0.00000         11.5272    
   -0.150000         0.00000         11.6831    
   -0.112500         0.00000         11.8604    
   -0.750000E-01     0.00000         12.0595    
   -0.375000E-01     0.00000         12.2802    
     0.00000         0.00000         12.5213    

    -1.50000        0.400000E-01     15.1158    
    -1.46250        0.400000E-01     14.9721    
    -1.42500        0.400000E-01     14.7780    
    -1.38750        0.400000E-01     14.5424    
    -1.35000        0.400000E-01     14.2753    
    -1.31250        0.400000E-01     13.9869    
    -1.27500        0.400000E-01     13.6875    
    -1.23750        0.400000E-01     13.3862    
    -1.20000        0.400000E-01     13.0911    
    -1.16250        0.400000E-01     12.8083    
    -1.12500        0.400000E-01     12.5428    
    -1.08750        0.400000E-01     12.2978    
    -1.05000        0.400000E-01     12.0752    
    -1.01250        0.400000E-01     11.8756    
   -0.975000        0.400000E-01     11.6990    
   -0.937500        0.400000E-01     11.5445    
   -0.900000        0.400000E-01     11.4110    
   -0.862500        0.400000E-01     11.2970    
   -0.825000        0.400000E-01     11.2009    
   -0.787500        0.400000E-01     11.1214    
   -0.750000        0.400000E-01     11.0569    
   -0.712500        0.400000E-01     11.0063    
   -0.675000        0.400000E-01     10.9686    
   -0.637500        0.400000E-01     10.9430    
   -0.600000        0.400000E-01     10.9288    
   -0.562500        0.400000E-01     10.9259    
   -0.525000        0.400000E-01     10.9342    
   -0.487500        0.400000E-01     10.9538    
   -0.450000        0.400000E-01     10.9851    
   -0.412500        0.400000E-01     11.0289    
   -0.375000        0.400000E-01     11.0859    
   -0.337500        0.400000E-01     11.1575    
   -0.300000        0.400000E-01     11.2447    
   -0.262500        0.400000E-01     11.3492    
   -0.225000        0.400000E-01     11.4724    
   -0.187500        0.400000E-01     11.6157    
   -0.150000        0.400000E-01     11.7807    
   -0.112500        0.400000E-01     11.9682    
   -0.750000E-01    0.400000E-01     12.1789    
   -0.375000E-01    0.400000E-01     12.4124    
     0.00000        0.400000E-01     12.6675    

    -1.50000        0.800000E-01     15.3455    
    -1.46250        0.800000E-01     15.1953    
    -1.42500        0.800000E-01     14.9925    
    -1.38750        0.800000E-01     14.7464    
    -1.35000        0.800000E-01     14.4672    
    -1.31250        0.800000E-01     14.1659    
    -1.27500        0.800000E-01     13.8531    
    -1.23750        0.800000E-01     13.5383    
    -1.20000        0.800000E-01     13.2298    
    -1.16250        0.800000E-01     12.9344    
    -1.12500        0.800000E-01     12.6570    
    -1.08750        0.800000E-01     12.4010    
    -1.05000        0.800000E-01     12.1683    
    -1.01250        0.800000E-01     11.9598    
   -0.975000        0.800000E-01     11.7752    
   -0.937500        0.800000E-01     11.6138    
   -0.900000        0.800000E-01     11.4743    
   -0.862500        0.800000E-01     11.3552    
   -0.825000        0.800000E-01     11.2548    
   -0.787500        0.800000E-01     11.1717    
   -0.750000        0.800000E-01     11.1044    
   -0.712500        0.800000E-01     11.0515    
   -0.675000        0.800000E-01     11.0121    
   -0.637500        0.800000E-01     10.9853    
   -0.600000        0.800000E-01     10.9706    
   -0.562500        0.800000E-01     10.9675    
   -0.525000        0.800000E-01     10.9761    
   -0.487500        0.800000E-01     10.9966    
   -0.450000        0.800000E-01     11.0293    
   -0.412500        0.800000E-01     11.0751    
   -0.375000        0.800000E-01     11.1347    
   -0.337500        0.800000E-01     11.2094    
   -0.300000        0.800000E-01     11.3006    
   -0.262500        0.800000E-01     11.4098    
   -0.225000        0.800000E-01     11.5385    
   -0.187500        0.800000E-01     11.6883    
   -0.150000        0.800000E-01     11.8606    
   -0.112500        0.800000E-01     12.0566    
   -0.750000E-01    0.800000E-01     12.2767    
   -0.375000E-01    0.800000E-01     12.5207    
     0.00000        0.800000E-01     12.7873    

    -1.50000        0.120000         15.5127    
    -1.46250        0.120000         15.3578    
    -1.42500        0.120000         15.1487    
    -1.38750        0.120000         14.8948    
    -1.35000        0.120000         14.6069    
    -1.31250        0.120000         14.2962    
    -1.27500        0.120000         13.9736    
    -1.23750        0.120000         13.6489    
    -1.20000        0.120000         13.3309    
    -1.16250        0.120000         13.0262    
    -1.12500        0.120000         12.7401    
    -1.08750        0.120000         12.4761    
    -1.05000        0.120000         12.2361    
    -1.01250        0.120000         12.0211    
   -0.975000        0.120000         11.8308    
   -0.937500        0.120000         11.6643    
   -0.900000        0.120000         11.5204    
   -0.862500        0.120000         11.3976    
   -0.825000        0.120000         11.2941    
   -0.787500        0.120000         11.2083    
   -0.750000        0.120000         11.1389    
   -0.712500        0.120000         11.0844    
   -0.675000        0.120000         11.0437    
   -0.637500        0.120000         11.0161    
   -0.600000        0.120000         11.0009    
   -0.562500        0.120000         10.9978    
   -0.525000        0.120000         11.0067    
   -0.487500        0.120000         11.0278    
   -0.450000        0.120000         11.0615    
   -0.412500        0.120000         11.1087    
   -0.375000        0.120000         11.1702    
   -0.337500        0.120000         11.2473    
   -0.300000        0.120000         11.3413    
   -0.262500        0.120000         11.4539    
   -0.225000        0.120000         11.5866    
   -0.187500        0.120000         11.7411    
   -0.150000        0.120000         11.9188    
   -0.112500        0.120000         12.1209    
   -0.750000E-01    0.120000         12.3479    
   -0.375000E-01    0.120000         12.5995    
     0.00000        0.120000         12.8745    

    -1.50000        0.160000         15.6083    
    -1.46250        0.160000         15.4507    
    -1.42500        0.160000         15.2379    
    -1.38750        0.160000         14.9797    
    -1.35000        0.160000         14.6868    
    -1.31250        0.160000         14.3707    
    -1.27500        0.160000         14.0425    
    -1.23750        0.160000         13.7122    
    -1.20000        0.160000         13.3886    
    -1.16250        0.160000         13.0786    
    -1.12500        0.160000         12.7876    
    -1.08750        0.160000         12.5190    
    -1.05000        0.160000         12.2749    
    -1.01250        0.160000         12.0561    
   -0.975000        0.160000         11.8625    
   -0.937500        0.160000         11.6932    
   -0.900000        0.160000         11.5468    
   -0.862500        0.160000         11.4218    
   -0.825000        0.160000         11.3165    
   -0.787500        0.160000         11.2293    
   -0.750000        0.160000         11.1586    
   -0.712500        0.160000         11.1032    
   -0.675000        0.160000         11.0618    
   -0.637500        0.160000         11.0337    
   -0.600000        0.160000         11.0183    
   -0.562500        0.160000         11.0151    
   -0.525000        0.160000         11.0241    
   -0.487500        0.160000         11.0456    
   -0.450000        0.160000         11.0799    
   -0.412500        0.160000         11.1279    
   -0.375000        0.160000         11.1905    
   -0.337500        0.160000         11.2689    
   -0.300000        0.160000         11.3645    
   -0.262500        0.160000         11.4791    
   -0.225000        0.160000         11.6141    
   -0.187500        0.160000         11.7713    
   -0.150000        0.160000         11.9521    
   -0.112500        0.160000         12.1577    
   -0.750000E-01    0.160000         12.3886    
   -0.375000E-01    0.160000         12.6446    
     0.00000        0.160000         12.9243    

    -1.50000        0.200000         15.6268    
    -1.46250        0.200000         15.4687    
    -1.42500        0.200000         15.2552    
    -1.38750        0.200000         14.9961    
    -1.35000        0.200000         14.7023    
    -1.31250        0.200000         14.3851    
    -1.27500        0.200000         14.0558    
    -1.23750        0.200000         13.7245    
    -1.20000        0.200000         13.3998    
    -1.16250        0.200000         13.0888    
    -1.12500        0.200000         12.7968    
    -1.08750        0.200000         12.5273    
    -1.05000        0.200000         12.2824    
    -1.01250        0.200000         12.0629    
   -0.975000        0.200000         11.8687    
   -0.937500        0.200000         11.6988    
   -0.900000        0.200000         11.5519    
   -0.862500        0.200000         11.4265    
   -0.825000        0.200000         11.3209    
   -0.787500        0.200000         11.2334    
   -0.750000        0.200000         11.1625    
   -0.712500        0.200000         11.1068    
   -0.675000        0.200000         11.0653    
   -0.637500        0.200000         11.0371    
   -0.600000        0.200000         11.0216    
   -0.562500        0.200000         11.0184    
   -0.525000        0.200000         11.0275    
   -0.487500        0.200000         11.0490    
   -0.450000        0.200000         11.0835    
   -0.412500        0.200000         11.1316    
   -0.375000        0.200000         11.1944    
   -0.337500        0.200000         11.2731    
   -0.300000        0.200000         11.3691    
   -0.262500        0.200000         11.4839    
   -0.225000        0.200000         11.6194    
   -0.187500        0.200000         11.7771    
   -0.150000        0.200000         11.9585    
   -0.112500        0.200000         12.1648    
   -0.750000E-01    0.200000         12.3965    
   -0.375000E-01    0.200000         12.6533    
     0.00000        0.200000         12.9339    

    -1.50000        0.240000         15.5673    
    -1.46250        0.240000         15.4108    
    -1.42500        0.240000         15.1997    
    -1.38750        0.240000         14.9433    
    -1.35000        0.240000         14.6525    
    -1.31250        0.240000         14.3388    
    -1.27500        0.240000         14.0129    
    -1.23750        0.240000         13.6851    
    -1.20000        0.240000         13.3638    
    -1.16250        0.240000         13.0561    
    -1.12500        0.240000         12.7672    
    -1.08750        0.240000         12.5006    
    -1.05000        0.240000         12.2583    
    -1.01250        0.240000         12.0411    
   -0.975000        0.240000         11.8489    
   -0.937500        0.240000         11.6808    
   -0.900000        0.240000         11.5355    
   -0.862500        0.240000         11.4114    
   -0.825000        0.240000         11.3069    
   -0.787500        0.240000         11.2203    
   -0.750000        0.240000         11.1502    
   -0.712500        0.240000         11.0951    
   -0.675000        0.240000         11.0541    
   -0.637500        0.240000         11.0262    
   -0.600000        0.240000         11.0108    
   -0.562500        0.240000         11.0077    
   -0.525000        0.240000         11.0166    
   -0.487500        0.240000         11.0379    
   -0.450000        0.240000         11.0720    
   -0.412500        0.240000         11.1197    
   -0.375000        0.240000         11.1818    
   -0.337500        0.240000         11.2596    
   -0.300000        0.240000         11.3546    
   -0.262500        0.240000         11.4683    
   -0.225000        0.240000         11.6023    
   -0.187500        0.240000         11.7583    
   -0.150000        0.240000         11.9378    
   -0.112500        0.240000         12.1419    
   -0.750000E-01    0.240000         12.3711    
   -0.375000E-01    0.240000         12.6253    
     0.00000        0.240000         12.9029    

    -1.50000        0.280000         15.4331    
    -1.46250        0.280000         15.2804    
    -1.42500        0.280000         15.0743    
    -1.38750        0.280000         14.8241    
    -1.35000        0.280000         14.5404    
    -1.31250        0.280000         14.2342    
    -1.27500        0.280000         13.9162    
    -1.23750        0.280000         13.5962    
    -1.20000        0.280000         13.2827    
    -1.16250        0.280000         12.9825    
    -1.12500        0.280000         12.7005    
    -1.08750        0.280000         12.4403    
    -1.05000        0.280000         12.2038    
    -1.01250        0.280000         11.9919    
   -0.975000        0.280000         11.8043    
   -0.937500        0.280000         11.6403    
   -0.900000        0.280000         11.4985    
   -0.862500        0.280000         11.3774    
   -0.825000        0.280000         11.2754    
   -0.787500        0.280000         11.1909    
   -0.750000        0.280000         11.1224    
   -0.712500        0.280000         11.0687    
   -0.675000        0.280000         11.0287    
   -0.637500        0.280000         11.0014    
   -0.600000        0.280000         10.9864    
   -0.562500        0.280000         10.9834    
   -0.525000        0.280000         10.9921    
   -0.487500        0.280000         11.0129    
   -0.450000        0.280000         11.0462    
   -0.412500        0.280000         11.0927    
   -0.375000        0.280000         11.1533    
   -0.337500        0.280000         11.2292    
   -0.300000        0.280000         11.3219    
   -0.262500        0.280000         11.4329    
   -0.225000        0.280000         11.5637    
   -0.187500        0.280000         11.7159    
   -0.150000        0.280000         11.8911    
   -0.112500        0.280000         12.0903    
   -0.750000E-01    0.280000         12.3140    
   -0.375000E-01    0.280000         12.5620    
     0.00000        0.280000         12.8329    

    -1.50000        0.320000         15.2316    
    -1.46250        0.320000         15.0846    
    -1.42500        0.320000         14.8862    
    -1.38750        0.320000         14.6452    
    -1.35000        0.320000         14.3720    
    -1.31250        0.320000         14.0772    
    -1.27500        0.320000         13.7710    
    -1.23750        0.320000         13.4629    
    -1.20000        0.320000         13.1610    
    -1.16250        0.320000         12.8719    
    -1.12500        0.320000         12.6004    
    -1.08750        0.320000         12.3498    
    -1.05000        0.320000         12.1221    
    -1.01250        0.320000         11.9180    
   -0.975000        0.320000         11.7374    
   -0.937500        0.320000         11.5795    
   -0.900000        0.320000         11.4429    
   -0.862500        0.320000         11.3263    
   -0.825000        0.320000         11.2281    
   -0.787500        0.320000         11.1467    
   -0.750000        0.320000         11.0808    
   -0.712500        0.320000         11.0291    
   -0.675000        0.320000         10.9905    
   -0.637500        0.320000         10.9643    
   -0.600000        0.320000         10.9499    
   -0.562500        0.320000         10.9469    
   -0.525000        0.320000         10.9553    
   -0.487500        0.320000         10.9754    
   -0.450000        0.320000         11.0074    
   -0.412500        0.320000         11.0521    
   -0.375000        0.320000         11.1105    
   -0.337500        0.320000         11.1837    
   -0.300000        0.320000         11.2729    
   -0.262500        0.320000         11.3797    
   -0.225000        0.320000         11.5057    
   -0.187500        0.320000         11.6523    
   -0.150000        0.320000         11.8210    
   -0.112500        0.320000         12.0128    
   -0.750000E-01    0.320000         12.2282    
   -0.375000E-01    0.320000         12.4670    
     0.00000        0.320000         12.7279    

    -1.50000        0.360000         14.9736    
    -1.46250        0.360000         14.8339    
    -1.42500        0.360000         14.6452    
    -1.38750        0.360000         14.4162    
    -1.35000        0.360000         14.1564    
    -1.31250        0.360000         13.8761    
    -1.27500        0.360000         13.5850    
    -1.23750        0.360000         13.2921    
    -1.20000        0.360000         13.0051    
    -1.16250        0.360000         12.7303    
    -1.12500        0.360000         12.4722    
    -1.08750        0.360000         12.2339    
    -1.05000        0.360000         12.0175    
    -1.01250        0.360000         11.8235    
   -0.975000        0.360000         11.6517    
   -0.937500        0.360000         11.5016    
   -0.900000        0.360000         11.3718    
   -0.862500        0.360000         11.2609    
   -0.825000        0.360000         11.1675    
   -0.787500        0.360000         11.0902    
   -0.750000        0.360000         11.0275    
   -0.712500        0.360000         10.9783    
   -0.675000        0.360000         10.9417    
   -0.637500        0.360000         10.9168    
   -0.600000        0.360000         10.9030    
   -0.562500        0.360000         10.9002    
   -0.525000        0.360000         10.9082    
   -0.487500        0.360000         10.9273    
   -0.450000        0.360000         10.9577    
   -0.412500        0.360000         11.0003    
   -0.375000        0.360000         11.0558    
   -0.337500        0.360000         11.1253    
   -0.300000        0.360000         11.2101    
   -0.262500        0.360000         11.3117    
   -0.225000        0.360000         11.4314    
   -0.187500        0.360000         11.5708    
   -0.150000        0.360000         11.7312    
   -0.112500        0.360000         11.9135    
   -0.750000E-01    0.360000         12.1183    
   -0.375000E-01    0.360000         12.3453    
     0.00000        0.360000         12.5934    

    -1.50000        0.400000         14.6720    
    -1.46250        0.400000         14.5407    
    -1.42500        0.400000         14.3635    
    -1.38750        0.400000         14.1484    
    -1.35000        0.400000         13.9044    
    -1.31250        0.400000         13.6411    
    -1.27500        0.400000         13.3676    
    -1.23750        0.400000         13.0925    
    -1.20000        0.400000         12.8229    
    -1.16250        0.400000         12.5647    
    -1.12500        0.400000         12.3222    
    -1.08750        0.400000         12.0985    
    -1.05000        0.400000         11.8951    
    -1.01250        0.400000         11.7129    
   -0.975000        0.400000         11.5516    
   -0.937500        0.400000         11.4105    
   -0.900000        0.400000         11.2886    
   -0.862500        0.400000         11.1844    
   -0.825000        0.400000         11.0967    
   -0.787500        0.400000         11.0241    
   -0.750000        0.400000         10.9652    
   -0.712500        0.400000         10.9190    
   -0.675000        0.400000         10.8846    
   -0.637500        0.400000         10.8612    
   -0.600000        0.400000         10.8483    
   -0.562500        0.400000         10.8456    
   -0.525000        0.400000         10.8531    
   -0.487500        0.400000         10.8710    
   -0.450000        0.400000         10.8996    
   -0.412500        0.400000         10.9396    
   -0.375000        0.400000         10.9917    
   -0.337500        0.400000         11.0571    
   -0.300000        0.400000         11.1368    
   -0.262500        0.400000         11.2321    
   -0.225000        0.400000         11.3446    
   -0.187500        0.400000         11.4756    
   -0.150000        0.400000         11.6262    
   -0.112500        0.400000         11.7975    
   -0.750000E-01    0.400000         11.9898    
   -0.375000E-01    0.400000         12.2031    
     0.00000        0.400000         12.4361    

    -1.50000        0.440000         14.3407    
    -1.46250        0.440000         14.2187    
    -1.42500        0.440000         14.0541    
    -1.38750        0.440000         13.8542    
    -1.35000        0.440000         13.6275    
    -1.31250        0.440000         13.3828    
    -1.27500        0.440000         13.1288    
    -1.23750        0.440000         12.8732    
    -1.20000        0.440000         12.6227    
    -1.16250        0.440000         12.3828    
    -1.12500        0.440000         12.1575    
    -1.08750        0.440000         11.9496    
    -1.05000        0.440000         11.7607    
    -1.01250        0.440000         11.5914    
   -0.975000        0.440000         11.4415    
   -0.937500        0.440000         11.3105    
   -0.900000        0.440000         11.1972    
   -0.862500        0.440000         11.1004    
   -0.825000        0.440000         11.0190    
   -0.787500        0.440000         10.9514    
   -0.750000        0.440000         10.8968    
   -0.712500        0.440000         10.8538    
   -0.675000        0.440000         10.8218    
   -0.637500        0.440000         10.8001    
   -0.600000        0.440000         10.7881    
   -0.562500        0.440000         10.7856    
   -0.525000        0.440000         10.7926    
   -0.487500        0.440000         10.8093    
   -0.450000        0.440000         10.8358    
   -0.412500        0.440000         10.8730    
   -0.375000        0.440000         10.9214    
   -0.337500        0.440000         10.9821    
   -0.300000        0.440000         11.0561    
   -0.262500        0.440000         11.1448    
   -0.225000        0.440000         11.2493    
   -0.187500        0.440000         11.3709    
   -0.150000        0.440000         11.5109    
   -0.112500        0.440000         11.6700    
   -0.750000E-01    0.440000         11.8487    
   -0.375000E-01    0.440000         12.0469    
     0.00000        0.440000         12.2633    

    -1.50000        0.480000         13.9933    
    -1.46250        0.480000         13.8811    
    -1.42500        0.480000         13.7296    
    -1.38750        0.480000         13.5458    
    -1.35000        0.480000         13.3372    
    -1.31250        0.480000         13.1121    
    -1.27500        0.480000         12.8784    
    -1.23750        0.480000         12.6433    
    -1.20000        0.480000         12.4128    
    -1.16250        0.480000         12.1921    
    -1.12500        0.480000         11.9849    
    -1.08750        0.480000         11.7936    
    -1.05000        0.480000         11.6198    
    -1.01250        0.480000         11.4641    
   -0.975000        0.480000         11.3262    
   -0.937500        0.480000         11.2056    
   -0.900000        0.480000         11.1014    
   -0.862500        0.480000         11.0124    
   -0.825000        0.480000         10.9374    
   -0.787500        0.480000         10.8753    
   -0.750000        0.480000         10.8250    
   -0.712500        0.480000         10.7855    
   -0.675000        0.480000         10.7561    
   -0.637500        0.480000         10.7361    
   -0.600000        0.480000         10.7250    
   -0.562500        0.480000         10.7228    
   -0.525000        0.480000         10.7292    
   -0.487500        0.480000         10.7445    
   -0.450000        0.480000         10.7690    
   -0.412500        0.480000         10.8031    
   -0.375000        0.480000         10.8477    
   -0.337500        0.480000         10.9035    
   -0.300000        0.480000         10.9716    
   -0.262500        0.480000         11.0532    
   -0.225000        0.480000         11.1493    
   -0.187500        0.480000         11.2612    
   -0.150000        0.480000         11.3900    
   -0.112500        0.480000         11.5364    
   -0.750000E-01    0.480000         11.7008    
   -0.375000E-01    0.480000         11.8831    
     0.00000        0.480000         12.0822    

    -1.50000        0.520000         13.6426    
    -1.46250        0.520000         13.5402    
    -1.42500        0.520000         13.4021    
    -1.38750        0.520000         13.2343    
    -1.35000        0.520000         13.0441    
    -1.31250        0.520000         12.8388    
    -1.27500        0.520000         12.6256    
    -1.23750        0.520000         12.4111    
    -1.20000        0.520000         12.2009    
    -1.16250        0.520000         11.9996    
    -1.12500        0.520000         11.8106    
    -1.08750        0.520000         11.6361    
    -1.05000        0.520000         11.4776    
    -1.01250        0.520000         11.3355    
   -0.975000        0.520000         11.2097    
   -0.937500        0.520000         11.0997    
   -0.900000        0.520000         11.0046    
   -0.862500        0.520000         10.9235    
   -0.825000        0.520000         10.8551    
   -0.787500        0.520000         10.7984    
   -0.750000        0.520000         10.7525    
   -0.712500        0.520000         10.7165    
   -0.675000        0.520000         10.6897    
   -0.637500        0.520000         10.6714    
   -0.600000        0.520000         10.6614    
   -0.562500        0.520000         10.6593    
   -0.525000        0.520000         10.6652    
   -0.487500        0.520000         10.6791    
   -0.450000        0.520000         10.7014    
   -0.412500        0.520000         10.7326    
   -0.375000        0.520000         10.7732    
   -0.337500        0.520000         10.8241    
   -0.300000        0.520000         10.8863    
   -0.262500        0.520000         10.9607    
   -0.225000        0.520000         11.0484    
   -0.187500        0.520000         11.1504    
   -0.150000        0.520000         11.2679    
   -0.112500        0.520000         11.4014    
   -0.750000E-01    0.520000         11.5514    
   -0.375000E-01    0.520000         11.7177    
     0.00000        0.520000         11.8993    

    -1.50000        0.560000         13.2992    
    -1.46250        0.560000         13.2065    
    -1.42500        0.560000         13.0814    
    -1.38750        0.560000         12.9294    
    -1.35000        0.560000         12.7572    
    -1.31250        0.560000         12.5712    
    -1.27500        0.560000         12.3781    
    -1.23750        0.560000         12.1838    
    -1.20000        0.560000         11.9934    
    -1.16250        0.560000         11.8111    
    -1.12500        0.560000         11.6399    
    -1.08750        0.560000         11.4819    
    -1.05000        0.560000         11.3383    
    -1.01250        0.560000         11.2096    
   -0.975000        0.560000         11.0957    
   -0.937500        0.560000         10.9961    
   -0.900000        0.560000         10.9099    
   -0.862500        0.560000         10.8364    
   -0.825000        0.560000         10.7745    
   -0.787500        0.560000         10.7232    
   -0.750000        0.560000         10.6816    
   -0.712500        0.560000         10.6490    
   -0.675000        0.560000         10.6247    
   -0.637500        0.560000         10.6081    
   -0.600000        0.560000         10.5990    
   -0.562500        0.560000         10.5971    
   -0.525000        0.560000         10.6025    
   -0.487500        0.560000         10.6151    
   -0.450000        0.560000         10.6353    
   -0.412500        0.560000         10.6635    
   -0.375000        0.560000         10.7003    
   -0.337500        0.560000         10.7465    
   -0.300000        0.560000         10.8027    
   -0.262500        0.560000         10.8701    
   -0.225000        0.560000         10.9495    
   -0.187500        0.560000         11.0420    
   -0.150000        0.560000         11.1484    
   -0.112500        0.560000         11.2693    
   -0.750000E-01    0.560000         11.4052    
   -0.375000E-01    0.560000         11.5558    
     0.00000        0.560000         11.7203    

    -1.50000        0.600000         12.9718    
    -1.46250        0.600000         12.8883    
    -1.42500        0.600000         12.7756    
    -1.38750        0.600000         12.6387    
    -1.35000        0.600000         12.4835    
    -1.31250        0.600000         12.3160    
    -1.27500        0.600000         12.1421    
    -1.23750        0.600000         11.9671    
    -1.20000        0.600000         11.7956    
    -1.16250        0.600000         11.6314    
    -1.12500        0.600000         11.4771    
    -1.08750        0.600000         11.3348    
    -1.05000        0.600000         11.2055    
    -1.01250        0.600000         11.0895    
   -0.975000        0.600000         10.9869    
   -0.937500        0.600000         10.8972    
   -0.900000        0.600000         10.8196    
   -0.862500        0.600000         10.7534    
   -0.825000        0.600000         10.6976    
   -0.787500        0.600000         10.6514    
   -0.750000        0.600000         10.6140    
   -0.712500        0.600000         10.5846    
   -0.675000        0.600000         10.5627    
   -0.637500        0.600000         10.5478    
   -0.600000        0.600000         10.5396    
   -0.562500        0.600000         10.5379    
   -0.525000        0.600000         10.5427    
   -0.487500        0.600000         10.5540    
   -0.450000        0.600000         10.5722    
   -0.412500        0.600000         10.5977    
   -0.375000        0.600000         10.6308    
   -0.337500        0.600000         10.6724    
   -0.300000        0.600000         10.7231    
   -0.262500        0.600000         10.7837    
   -0.225000        0.600000         10.8553    
   -0.187500        0.600000         10.9386    
   -0.150000        0.600000         11.0344    
   -0.112500        0.600000         11.1433    
   -0.750000E-01    0.600000         11.2657    
   -0.375000E-01    0.600000         11.4014    
     0.00000        0.600000         11.5496    

    -1.50000        0.640000         12.6665    
    -1.46250        0.640000         12.5916    
    -1.42500        0.640000         12.4904    
    -1.38750        0.640000         12.3677    
    -1.35000        0.640000         12.2284    
    -1.31250        0.640000         12.0781    
    -1.27500        0.640000         11.9220    
    -1.23750        0.640000         11.7650    
    -1.20000        0.640000         11.6112    
    -1.16250        0.640000         11.4638    
    -1.12500        0.640000         11.3254    
    -1.08750        0.640000         11.1977    
    -1.05000        0.640000         11.0816    
    -1.01250        0.640000         10.9776    
   -0.975000        0.640000         10.8856    
   -0.937500        0.640000         10.8050    
   -0.900000        0.640000         10.7354    
   -0.862500        0.640000         10.6760    
   -0.825000        0.640000         10.6260    
   -0.787500        0.640000         10.5845    
   -0.750000        0.640000         10.5509    
   -0.712500        0.640000         10.5245    
   -0.675000        0.640000         10.5049    
   -0.637500        0.640000         10.4915    
   -0.600000        0.640000         10.4841    
   -0.562500        0.640000         10.4826    
   -0.525000        0.640000         10.4869    
   -0.487500        0.640000         10.4971    
   -0.450000        0.640000         10.5135    
   -0.412500        0.640000         10.5363    
   -0.375000        0.640000         10.5660    
   -0.337500        0.640000         10.6033    
   -0.300000        0.640000         10.6488    
   -0.262500        0.640000         10.7032    
   -0.225000        0.640000         10.7674    
   -0.187500        0.640000         10.8422    
   -0.150000        0.640000         10.9281    
   -0.112500        0.640000         11.0259    
   -0.750000E-01    0.640000         11.1357    
   -0.375000E-01    0.640000         11.2574    
     0.00000        0.640000         11.3904    

    -1.50000        0.680000         12.3875    
    -1.46250        0.680000         12.3204    
    -1.42500        0.680000         12.2298    
    -1.38750        0.680000         12.1199    
    -1.35000        0.680000         11.9952    
    -1.31250        0.680000         11.8606    
    -1.27500        0.680000         11.7209    
    -1.23750        0.680000         11.5803    
    -1.20000        0.680000         11.4425    
    -1.16250        0.680000         11.3106    
    -1.12500        0.680000         11.1867    
    -1.08750        0.680000         11.0723    
    -1.05000        0.680000         10.9684    
    -1.01250        0.680000         10.8753    
   -0.975000        0.680000         10.7929    
   -0.937500        0.680000         10.7208    
   -0.900000        0.680000         10.6585    
   -0.862500        0.680000         10.6053    
   -0.825000        0.680000         10.5604    
   -0.787500        0.680000         10.5233    
   -0.750000        0.680000         10.4932    
   -0.712500        0.680000         10.4696    
   -0.675000        0.680000         10.4520    
   -0.637500        0.680000         10.4401    
   -0.600000        0.680000         10.4335    
   -0.562500        0.680000         10.4321    
   -0.525000        0.680000         10.4360    
   -0.487500        0.680000         10.4451    
   -0.450000        0.680000         10.4597    
   -0.412500        0.680000         10.4801    
   -0.375000        0.680000         10.5068    
   -0.337500        0.680000         10.5402    
   -0.300000        0.680000         10.5809    
   -0.262500        0.680000         10.6296    
   -0.225000        0.680000         10.6871    
   -0.187500        0.680000         10.7540    
   -0.150000        0.680000         10.8310    
   -0.112500        0.680000         10.9185    
   -0.750000E-01    0.680000         11.0168    
   -0.375000E-01    0.680000         11.1258    
     0.00000        0.680000         11.2449    

    -1.50000        0.720000         12.1367    
    -1.46250        0.720000         12.0767    
    -1.42500        0.720000         11.9956    
    -1.38750        0.720000         11.8972    
    -1.35000        0.720000         11.7856    
    -1.31250        0.720000         11.6652    
    -1.27500        0.720000         11.5401    
    -1.23750        0.720000         11.4143    
    -1.20000        0.720000         11.2910    
    -1.16250        0.720000         11.1729    
    -1.12500        0.720000         11.0621    
    -1.08750        0.720000         10.9597    
    -1.05000        0.720000         10.8667    
    -1.01250        0.720000         10.7834    
   -0.975000        0.720000         10.7096    
   -0.937500        0.720000         10.6451    
   -0.900000        0.720000         10.5893    
   -0.862500        0.720000         10.5417    
   -0.825000        0.720000         10.5016    
   -0.787500        0.720000         10.4684    
   -0.750000        0.720000         10.4414    
   -0.712500        0.720000         10.4203    
   -0.675000        0.720000         10.4046    
   -0.637500        0.720000         10.3938    
   -0.600000        0.720000         10.3879    
   -0.562500        0.720000         10.3867    
   -0.525000        0.720000         10.3902    
   -0.487500        0.720000         10.3984    
   -0.450000        0.720000         10.4114    
   -0.412500        0.720000         10.4297    
   -0.375000        0.720000         10.4536    
   -0.337500        0.720000         10.4834    
   -0.300000        0.720000         10.5199    
   -0.262500        0.720000         10.5635    
   -0.225000        0.720000         10.6150    
   -0.187500        0.720000         10.6748    
   -0.150000        0.720000         10.7437    
   -0.112500        0.720000         10.8221    
   -0.750000E-01    0.720000         10.9100    
   -0.375000E-01    0.720000         11.0076    
     0.00000        0.720000         11.1141    

    -1.50000        0.760000         11.9149    
    -1.46250        0.760000         11.8610    
    -1.42500        0.760000         11.7884    
    -1.38750        0.760000         11.7002    
    -1.35000        0.760000         11.6002    
    -1.31250        0.760000         11.4923    
    -1.27500        0.760000         11.3802    
    -1.23750        0.760000         11.2675    
    -1.20000        0.760000         11.1570    
    -1.16250        0.760000         11.0512    
    -1.12500        0.760000         10.9518    
    -1.08750        0.760000         10.8601    
    -1.05000        0.760000         10.7767    
    -1.01250        0.760000         10.7020    
   -0.975000        0.760000         10.6359    
   -0.937500        0.760000         10.5781    
   -0.900000        0.760000         10.5281    
   -0.862500        0.760000         10.4854    
   -0.825000        0.760000         10.4495    
   -0.787500        0.760000         10.4197    
   -0.750000        0.760000         10.3956    
   -0.712500        0.760000         10.3767    
   -0.675000        0.760000         10.3625    
   -0.637500        0.760000         10.3529    
   -0.600000        0.760000         10.3477    
   -0.562500        0.760000         10.3466    
   -0.525000        0.760000         10.3497    
   -0.487500        0.760000         10.3570    
   -0.450000        0.760000         10.3687    
   -0.412500        0.760000         10.3851    
   -0.375000        0.760000         10.4065    
   -0.337500        0.760000         10.4332    
   -0.300000        0.760000         10.4659    
   -0.262500        0.760000         10.5050    
   -0.225000        0.760000         10.5511    
   -0.187500        0.760000         10.6048    
   -0.150000        0.760000         10.6665    
   -0.112500        0.760000         10.7367    
   -0.750000E-01    0.760000         10.8155    
   -0.375000E-01    0.760000         10.9030    
     0.00000        0.760000         10.9984    

    -1.50000        0.800000         11.7213    
    -1.46250        0.800000         11.6729    
    -1.42500        0.800000         11.6076    
    -1.38750        0.800000         11.5284    
    -1.35000        0.800000         11.4385    
    -1.31250        0.800000         11.3415    
    -1.27500        0.800000         11.2407    
    -1.23750        0.800000         11.1394    
    -1.20000        0.800000         11.0400    
    -1.16250        0.800000         10.9449    
    -1.12500        0.800000         10.8556    
    -1.08750        0.800000         10.7731    
    -1.05000        0.800000         10.6982    
    -1.01250        0.800000         10.6311    
   -0.975000        0.800000         10.5716    
   -0.937500        0.800000         10.5197    
   -0.900000        0.800000         10.4747    
   -0.862500        0.800000         10.4364    
   -0.825000        0.800000         10.4041    
   -0.787500        0.800000         10.3773    
   -0.750000        0.800000         10.3556    
   -0.712500        0.800000         10.3386    
   -0.675000        0.800000         10.3259    
   -0.637500        0.800000         10.3173    
   -0.600000        0.800000         10.3125    
   -0.562500        0.800000         10.3115    
   -0.525000        0.800000         10.3143    
   -0.487500        0.800000         10.3209    
   -0.450000        0.800000         10.3315    
   -0.412500        0.800000         10.3462    
   -0.375000        0.800000         10.3654    
   -0.337500        0.800000         10.3894    
   -0.300000        0.800000         10.4188    
   -0.262500        0.800000         10.4540    
   -0.225000        0.800000         10.4954    
   -0.187500        0.800000         10.5436    
   -0.150000        0.800000         10.5991    
   -0.112500        0.800000         10.6622    
   -0.750000E-01    0.800000         10.7331    
   -0.375000E-01    0.800000         10.8117    
     0.00000        0.800000         10.8975    

