    -1.00000         11.2377    
   -0.960000         10.6141    
   -0.920000         10.3274    
   -0.880000         10.1985    
   -0.840000         10.1426    
   -0.800000         10.1237    
   -0.760000         10.1292    
   -0.720000         10.1582    
   -0.680000         10.2172    
   -0.640000         10.3161    
   -0.600000         10.4585    
   -0.560000         10.6264    
   -0.520000         10.7700    
   -0.480000         10.8281    
   -0.440000         10.7739    
   -0.400000         10.6374    
   -0.360000         10.4784    
   -0.320000         10.3430    
   -0.280000         10.2480    
   -0.240000         10.1906    
   -0.200000         10.1629    
   -0.160000         10.1596    
   -0.120000         10.1811    
   -0.800000E-01     10.2361    
   -0.400000E-01     10.3440    
     0.00000         10.5373    
    0.400000E-01     10.8556    
    0.800000E-01     11.3201    
    0.120000         11.8878    
    0.160000         12.4241    
    0.200000         12.7547    
    0.240000         12.7832    
    0.280000         12.5573    
    0.320000         12.2178    
    0.360000         11.9003    
    0.400000         11.6863    
    0.440000         11.6149    
    0.480000         11.7176    
    0.520000         12.0514    
    0.560000         12.7277    
    0.600000         13.9260    
    0.640000         15.8538    
    0.680000         18.5646    
    0.720000         21.6144    
    0.760000         23.8597    
    0.800000         23.9932    
    0.840000         21.7076    
    0.880000         18.1271    
    0.920000         14.7936    
    0.960000         12.5102    
     1.00000         11.2377    
