21 July 2014   0:09:53.691 AM

UMFPACK_WEST:
  FORTRAN90 version
  Use UMFPACK for the sparse linear system A*x=b.

  Number of rows and columns =     67
  Number of nonzeros =    294
 
  The CC matrix:
     #     I     J       A
  ----  ----  ----  --------------
 
     1     5     1   -0.27884160    
     2     6     1   -0.26801860    
     3     7     1   -0.23237170    
     4     8     1   -0.15750820    
     5     9     1   -0.63259780E-01
     6    25     1    0.13942080    
     7    26     1    0.13400930    
     8    27     1    0.11618590    
     9    28     1    0.78754112E-01
    10    29     1    0.31629890E-01
    11     5     2   -0.80000000    
    12    21     2   -0.91595330    
    13    25     2    0.40000000    
    14    61     2     1.0000000    
    15     6     3   -0.80000000    
    16    22     3   -0.91595330    
    17    26     3    0.40000000    
    18    61     3     1.0000000    
    19     7     4   -0.80000000    
    20    23     4   -0.91595330    
    21    27     4    0.40000000    
    22    61     4     1.0000000    
    23     8     5   -0.80000000    
    24    24     5   -0.91595330    
    25    28     5    0.40000000    
    26    61     5     1.0000000    
    27     9     6   -0.80000000    
    28    29     6    0.40000000    
    29    61     6     1.0000000    
    30     5     7    0.13446220    
    31     6     7    0.11756790    
    32     7     7    0.88592619E-01
    33     8     7    0.47594391E-01
    34     9     7    0.11782910E-01
    35     1     8   -0.83418180    
    36     5     8    0.40000000    
    37    57     8     1.0000000    
    38     2     9   -0.83418180    
    39     6     9    0.40000000    
    40    57     9     1.0000000    
    41     3    10   -0.83418180    
    42     7    10    0.40000000    
    43    57    10     1.0000000    
    44     4    11   -0.83418180    
    45     8    11    0.40000000    
    46    57    11     1.0000000    
    47     9    12    0.40000000    
    48    57    12     1.0000000    
    49     1    13     1.2658230    
    50     5    13    0.40000000    
    51    10    13    -1.2658230    
    52    11    13    0.33333330    
    53    58    13     1.0000000    
    54     2    14     1.0126580    
    55     6    14    0.40000000    
    56    10    14    -1.0126580    
    57    12    14    0.33333330    
    58    58    14     1.0000000    
    59     3    15    0.75949370    
    60     7    15    0.40000000    
    61    10    15   -0.75949370    
    62    13    15    0.33333330    
    63    58    15     1.0000000    
    64     4    16    0.50632910    
    65     8    16    0.40000000    
    66    10    16   -0.50632910    
    67    14    16    0.33333330    
    68    58    16     1.0000000    
    69     9    17    0.40000000    
    70    10    17   -0.25316460    
    71    15    17    0.33333330    
    72    58    17     1.0000000    
    73     1    18   -0.33615560    
    74     2    18   -0.29391960    
    75     3    18   -0.22148150    
    76     4    18   -0.11898600    
    77    10    18     1.0000000    
    78    15    19    0.66666670    
    79    56    19     1.0000000    
    80    11    20   -0.20717590    
    81    12    20   -0.21403920    
    82    13    20   -0.21442060    
    83    14    20   -0.19867680    
    84    15    20   -0.16568740    
    85    16    20    0.12430550    
    86    17    20    0.12842350    
    87    18    20    0.12865240    
    88    19    20    0.11920610    
    89    20    20    0.99412464E-01
    90    11    21    -1.0000000    
    91    16    21    0.60000000    
    92    59    21     1.0000000    
    93    12    22    -1.0000000    
    94    17    22    0.60000000    
    95    59    22     1.0000000    
    96    13    23    -1.0000000    
    97    18    23    0.60000000    
    98    59    23     1.0000000    
    99    14    24    -1.0000000    
   100    19    24    0.60000000    
   101    59    24     1.0000000    
   102    15    25    -1.0000000    
   103    20    25    0.60000000    
   104    59    25     1.0000000    
   105    16    26    0.45000000    
   106    36    26   -0.95831870    
   107    40    26    0.50000000    
   108    64    26     1.0000000    
   109    17    27    0.45000000    
   110    37    27   -0.95831870    
   111    41    27    0.50000000    
   112    64    27     1.0000000    
   113    18    28    0.45000000    
   114    38    28   -0.95831870    
   115    42    28    0.50000000    
   116    64    28     1.0000000    
   117    19    29    0.45000000    
   118    39    29   -0.95831870    
   119    43    29    0.50000000    
   120    64    29     1.0000000    
   121    20    30    0.45000000    
   122    44    30    0.50000000    
   123    64    30     1.0000000    
   124    16    31   -0.20709860    
   125    17    31   -0.22329970    
   126    18    31   -0.22862640    
   127    19    31   -0.20245280    
   128    20    31   -0.13852260    
   129    25    31   -0.20709860    
   130    26    31   -0.22329970    
   131    27    31   -0.22862640    
   132    28    31   -0.20245280    
   133    29    31   -0.13852260    
   134    16    32    -1.0500000    
   135    25    32    -1.0500000    
   136    60    32     1.0000000    
   137    17    33    -1.0500000    
   138    26    33    -1.0500000    
   139    60    33     1.0000000    
   140    18    34    -1.0500000    
   141    27    34    -1.0500000    
   142    60    34     1.0000000    
   143    19    35    -1.0500000    
   144    28    35    -1.0500000    
   145    60    35     1.0000000    
   146    20    36    -1.0500000    
   147    29    36    -1.0500000    
   148    60    36     1.0000000    
   149    25    37    0.81474490E-01
   150    26    37    0.97890154E-01
   151    27    37    0.11316080    
   152    28    37    0.11505550    
   153    29    37    0.92419088E-01
   154    31    37    0.90527207E-01
   155    32    37    0.10876680    
   156    33    37    0.12573420    
   157    34    37    0.12783940    
   158    35    37    0.10268790    
   159    21    38     1.5673980    
   160    25    38    0.65000000    
   161    30    38    -1.5673980    
   162    31    38    0.72222220    
   163    62    38     1.0000000    
   164    22    39     1.2539180    
   165    26    39    0.65000000    
   166    30    39    -1.2539180    
   167    32    39    0.72222220    
   168    62    39     1.0000000    
   169    23    40    0.94043890    
   170    27    40    0.65000000    
   171    30    40   -0.94043890    
   172    33    40    0.72222220    
   173    62    40     1.0000000    
   174    24    41    0.62695920    
   175    28    41    0.65000000    
   176    30    41   -0.62695920    
   177    34    41    0.72222220    
   178    62    41     1.0000000    
   179    29    42    0.65000000    
   180    30    42   -0.31347960    
   181    35    42    0.72222220    
   182    62    42     1.0000000    
   183    21    43   -0.27884160    
   184    22    43   -0.26801860    
   185    23    43   -0.23237170    
   186    24    43   -0.15750820    
   187    30    43     1.0000000    
   188    31    44    0.25000000    
   189    46    44   -0.82422480    
   190    50    44    0.50000000    
   191    66    44     1.0000000    
   192    32    45    0.25000000    
   193    47    45   -0.82422480    
   194    51    45    0.50000000    
   195    66    45     1.0000000    
   196    33    46    0.25000000    
   197    48    46   -0.82422480    
   198    52    46    0.50000000    
   199    66    46     1.0000000    
   200    34    47    0.25000000    
   201    49    47   -0.82422480    
   202    53    47    0.50000000    
   203    66    47     1.0000000    
   204    35    48    0.25000000    
   205    54    48    0.50000000    
   206    66    48     1.0000000    
   207    31    49   -0.15816260    
   208    32    49   -0.19477110    
   209    33    49   -0.23039170    
   210    34    49   -0.23628450    
   211    35    49   -0.18039000    
   212    40    49   -0.15816260    
   213    41    49   -0.19477110    
   214    42    49   -0.23039170    
   215    43    49   -0.23628450    
   216    44    49   -0.18039000    
   217    31    50   -0.97222220    
   218    40    50   -0.97222220    
   219    63    50     1.0000000    
   220    32    51   -0.97222220    
   221    41    51   -0.97222220    
   222    63    51     1.0000000    
   223    33    52   -0.97222220    
   224    42    52   -0.97222220    
   225    63    52     1.0000000    
   226    34    53   -0.97222220    
   227    43    53   -0.97222220    
   228    63    53     1.0000000    
   229    35    54   -0.97222220    
   230    44    54   -0.97222220    
   231    63    54     1.0000000    
   232    40    55    0.53228639E-01
   233    41    55    0.75745419E-01
   234    42    55    0.10610280    
   235    43    55    0.13338780    
   236    44    55    0.13153530    
   237    50    55   -0.10645730    
   238    51    55   -0.15149080    
   239    52    55   -0.21220560    
   240    53    55   -0.26677570    
   241    54    55   -0.26307060    
   242    36    56     1.8633540    
   243    40    56    0.47222220    
   244    45    56    -1.8633540    
   245    50    56   -0.94444440    
   246    65    56     1.0000000    
   247    37    57     1.4906830    
   248    41    57    0.47222220    
   249    45    57    -1.4906830    
   250    51    57   -0.94444440    
   251    65    57     1.0000000    
   252    38    58     1.1180120    
   253    42    58    0.47222220    
   254    45    58    -1.1180120    
   255    52    58   -0.94444440    
   256    65    58     1.0000000    
   257    39    59    0.74534160    
   258    43    59    0.47222220    
   259    45    59   -0.74534160    
   260    53    59   -0.94444440    
   261    65    59     1.0000000    
   262    44    60    0.47222220    
   263    45    60   -0.37267080    
   264    54    60   -0.94444440    
   265    65    60     1.0000000    
   266    36    61   -0.20699540    
   267    37    61   -0.23564690    
   268    38    61   -0.24756750    
   269    39    61   -0.20748730    
   270    45    61     1.0000000    
   271    46    62     1.8633540    
   272    50    62    0.44444440    
   273    55    62    -1.8633540    
   274    67    62     1.0000000    
   275    47    63     1.4906830    
   276    51    63    0.44444440    
   277    55    63    -1.4906830    
   278    67    63     1.0000000    
   279    48    64     1.1180120    
   280    52    64    0.44444440    
   281    55    64    -1.1180120    
   282    67    64     1.0000000    
   283    49    65    0.74534160    
   284    53    65    0.44444440    
   285    55    65   -0.74534160    
   286    67    65     1.0000000    
   287    54    66    0.44444440    
   288    55    66   -0.37267080    
   289    67    66     1.0000000    
   290    46    67   -0.14433540    
   291    47    67   -0.19185570    
   292    48    67   -0.24214980    
   293    49    67   -0.25411930    
   294    55    67     1.0000000    

  L2 error ||X1 - X2|| =   0.108321E-13

UMFPACK_WEST:
  Normal end of execution.

21 July 2014   0:09:53.694 AM
