20 July 2014  11:51:08.580 PM

UMFPACK_WATHEN:
  FORTRAN90 version
  Use UMFPACK for the sparse linear system A*x=b.

  Number of ST values =  576
 DEBUG3
 DEBUG4
 DEBUG5
  Number of CC values =  472
 
  The CC matrix:
     #     I     J       A
  ----  ----  ----  --------------
 
     2     1     1    -131.05098    
     3     2     1     43.683659    
     4     7     1    -131.05098    
     5     8     1    -174.73464    
     6    11     1     43.683659    
     7    12     1    -174.73464    
     8    13     2     65.525489    
    10     1     2     698.93855    
    11     2     2    -131.05098    
    12     7     2     436.83659    
    13     8     2     436.83659    
    14    11     2    -174.73464    
    15    12     2     349.46928    
    16    13     3    -174.73464    
    18     1     3    -131.05098    
    19     2     3     704.84152    
    20     3     3    -573.79055    
    21     4     3     191.26352    
    22     7     3    -174.73464    
    23     8     3    -704.84152    
    24     9     3    -765.05406    
    25    11     3     65.525489    
    26    12     3    -174.73464    
    27    13     3     234.94717    
    28    14     3    -765.05406    
    29    15     4     286.89527    
    30     2     4    -573.79055    
    31     3     4     3060.2162    
    32     4     4    -573.79055    
    33     8     4     1912.6352    
    34     9     4     1912.6352    
    35    13     4    -765.05406    
    36    14     4     1530.1081    
    37    15     5    -765.05406    
    38     2     5     191.26352    
    39     3     5    -573.79055    
    40     4     5     1071.4961    
    41     5     5    -497.70554    
    42     6     5     165.90185    
    43     8     5    -765.05406    
    44     9     5    -1071.4961    
    45    10     5    -663.60739    
    46    13     5     286.89527    
    47    14     5    -765.05406    
    48    15     5     357.16536    
    49    16     5    -663.60739    
    50    17     6     248.85277    
    51     4     6    -497.70554    
    52     5     6     2654.4295    
    53     6     6    -497.70554    
    54     9     6     1659.0185    
    55    10     6     1659.0185    
    56    15     6    -663.60739    
    57    16     6     1327.2148    
    58    17     7    -663.60739    
    59     4     7     165.90185    
    60     5     7    -497.70554    
    61     6     7     497.70554    
    62     9     7    -663.60739    
    63    10     7    -497.70554    
    64    15     7     248.85277    
    65    16     7    -663.60739    
    66    17     8     165.90185    
    68     1     8     436.83659    
    69     2     8    -174.73464    
    70     7     8     698.93855    
    71     8     8     349.46928    
    72    11     8    -131.05098    
    73    12     8     436.83659    
    74    13     9    -174.73464    
    76     1     9     436.83659    
    77     2     9    -704.84152    
    78     3     9     1912.6352    
    79     4     9    -765.05406    
    80     7     9     349.46928    
    81     8     9     3759.1548    
    82     9     9     1530.1081    
    83    11     9    -174.73464    
    84    12     9     436.83659    
    85    13     9    -704.84152    
    86    14     9     1912.6352    
    87    15    10    -765.05406    
    88     2    10    -765.05406    
    89     3    10     1912.6352    
    90     4    10    -1071.4961    
    91     5    10     1659.0185    
    92     6    10    -663.60739    
    93     8    10     1530.1081    
    94     9    10     5714.6458    
    95    10    10     1327.2148    
    96    13    10    -765.05406    
    97    14    10     1912.6352    
    98    15    10    -1071.4961    
    99    16    10     1659.0185    
   100    17    11    -663.60739    
   101     4    11    -663.60739    
   102     5    11     1659.0185    
   103     6    11    -497.70554    
   104     9    11     1327.2148    
   105    10    11     2654.4295    
   106    15    11    -663.60739    
   107    16    11     1659.0185    
   108    17    12    -497.70554    
   110     1    12    -174.73464    
   111     2    12     65.525489    
   112     7    12    -131.05098    
   113     8    12    -174.73464    
   114    11    12     468.06824    
   115    12    12    -468.06824    
   116    13    12     156.02275    
   117    18    12    -337.01727    
   118    19    12    -449.35635    
   119    22    12     112.33909    
   120    23    12    -449.35635    
   121    24    13     168.50863    
   123     1    13     349.46928    
   124     2    13    -174.73464    
   125     7    13     436.83659    
   126     8    13     436.83659    
   127    11    13    -468.06824    
   128    12    13     2496.3640    
   129    13    13    -468.06824    
   130    18    13     1123.3909    
   131    19    13     1123.3909    
   132    22    13    -449.35635    
   133    23    13     898.71271    
   134    24    14    -449.35635    
   136     1    14    -174.73464    
   137     2    14     234.94717    
   138     3    14    -765.05406    
   139     4    14     286.89527    
   140     7    14    -174.73464    
   141     8    14    -704.84152    
   142     9    14    -765.05406    
   143    11    14     156.02275    
   144    12    14    -468.06824    
   145    13    14     1291.0430    
   146    14    14    -822.97479    
   147    15    14     274.32493    
   148    18    14    -449.35635    
   149    19    14    -586.20151    
   150    20    14    -332.24567    
   151    22    14     168.50863    
   152    23    14    -449.35635    
   153    24    14     195.40050    
   154    25    14    -332.24567    
   155    26    15     124.59212    
   156     2    15    -765.05406    
   157     3    15     1530.1081    
   158     4    15    -765.05406    
   159     8    15     1912.6352    
   160     9    15     1912.6352    
   161    13    15    -822.97479    
   162    14    15     4389.1989    
   163    15    15    -822.97479    
   164    19    15     830.61416    
   165    20    15     830.61416    
   166    24    15    -332.24567    
   167    25    15     664.49133    
   168    26    16    -332.24567    
   169     2    16     286.89527    
   170     3    16    -765.05406    
   171     4    16     357.16536    
   172     5    16    -663.60739    
   173     6    16     248.85277    
   174     8    16    -765.05406    
   175     9    16    -1071.4961    
   176    10    16    -663.60739    
   177    13    16     274.32493    
   178    14    16    -822.97479    
   179    15    16     1360.3516    
   180    16    16    -537.37678    
   181    17    16     179.12559    
   182    19    16    -332.24567    
   183    20    16    -288.85549    
   184    21    16    -52.894988    
   185    24    16     124.59212    
   186    25    16    -332.24567    
   187    26    16     96.285163    
   188    27    16    -52.894988    
   189    28    17     19.835620    
   190     4    17    -663.60739    
   191     5    17     1327.2148    
   192     6    17    -663.60739    
   193     9    17     1659.0185    
   194    10    17     1659.0185    
   195    15    17    -537.37678    
   196    16    17     2866.0095    
   197    17    17    -537.37678    
   198    20    17     132.23747    
   199    21    17     132.23747    
   200    26    17    -52.894988    
   201    27    17     105.78998    
   202    28    18    -52.894988    
   203     4    18     248.85277    
   204     5    18    -663.60739    
   205     6    18     165.90185    
   206     9    18    -663.60739    
   207    10    18    -497.70554    
   208    15    18     179.12559    
   209    16    18    -537.37678    
   210    17    18     537.37678    
   211    20    18    -52.894988    
   212    21    18    -39.671241    
   213    26    18     19.835620    
   214    27    18    -52.894988    
   215    28    19     13.223747    
   216    11    19    -337.01727    
   217    12    19     1123.3909    
   218    13    19    -449.35635    
   219    18    19     1797.4254    
   220    19    19     898.71271    
   221    22    19    -337.01727    
   222    23    19     1123.3909    
   223    24    20    -449.35635    
   224    11    20    -449.35635    
   225    12    20     1123.3909    
   226    13    20    -586.20151    
   227    14    20     830.61416    
   228    15    20    -332.24567    
   229    18    20     898.71271    
   230    19    20     3126.4081    
   231    20    20     664.49133    
   232    22    20    -449.35635    
   233    23    20     1123.3909    
   234    24    20    -586.20151    
   235    25    20     830.61416    
   236    26    21    -332.24567    
   237    13    21    -332.24567    
   238    14    21     830.61416    
   239    15    21    -288.85549    
   240    16    21     132.23747    
   241    17    21    -52.894988    
   242    19    21     664.49133    
   243    20    21     1540.5626    
   244    21    21     105.78998    
   245    24    21    -332.24567    
   246    25    21     830.61416    
   247    26    21    -288.85549    
   248    27    21     132.23747    
   249    28    22    -52.894988    
   250    15    22    -52.894988    
   251    16    22     132.23747    
   252    17    22    -39.671241    
   253    20    22     105.78998    
   254    21    22     211.57995    
   255    26    22    -52.894988    
   256    27    22     132.23747    
   257    28    23    -39.671241    
   258    11    23     112.33909    
   259    12    23    -449.35635    
   260    13    23     168.50863    
   261    18    23    -337.01727    
   262    19    23    -449.35635    
   263    22    23     491.56394    
   264    23    23    -491.56394    
   265    24    23     163.85465    
   266    29    23    -154.54668    
   267    30    23    -206.06223    
   268    33    23     51.515558    
   269    34    23    -206.06223    
   270    35    24     77.273338    
   271    11    24    -449.35635    
   272    12    24     898.71271    
   273    13    24    -449.35635    
   274    18    24     1123.3909    
   275    19    24     1123.3909    
   276    22    24    -491.56394    
   277    23    24     2621.6744    
   278    24    24    -491.56394    
   279    29    24     515.15558    
   280    30    24     515.15558    
   281    33    24    -206.06223    
   282    34    24     412.12447    
   283    35    25    -206.06223    
   284    11    25     168.50863    
   285    12    25    -449.35635    
   286    13    25     195.40050    
   287    14    25    -332.24567    
   288    15    25     124.59212    
   289    18    25    -449.35635    
   290    19    25    -586.20151    
   291    20    25    -332.24567    
   292    22    25     163.85465    
   293    23    25    -491.56394    
   294    24    25     806.72227    
   295    25    25    -315.15833    
   296    26    25     105.05278    
   297    29    25    -206.06223    
   298    30    25    -220.52075    
   299    31    25    -87.965435    
   300    33    25     77.273338    
   301    34    25    -206.06223    
   302    35    25     73.506917    
   303    36    25    -87.965435    
   304    37    26     32.987038    
   305    13    26    -332.24567    
   306    14    26     664.49133    
   307    15    26    -332.24567    
   308    19    26     830.61416    
   309    20    26     830.61416    
   310    24    26    -315.15833    
   311    25    26     1680.8444    
   312    26    26    -315.15833    
   313    30    26     219.91359    
   314    31    26     219.91359    
   315    35    26    -87.965435    
   316    36    26     175.93087    
   317    37    27    -87.965435    
   318    13    27     124.59212    
   319    14    27    -332.24567    
   320    15    27     96.285163    
   321    16    27    -52.894988    
   322    17    27     19.835620    
   323    19    27    -332.24567    
   324    20    27    -288.85549    
   325    21    27    -52.894988    
   326    24    27     105.05278    
   327    25    27    -315.15833    
   328    26    27     381.12696    
   329    27    27    -65.968640    
   330    28    27     21.989547    
   331    30    27    -87.965435    
   332    31    27    -92.271475    
   333    32    27    -35.063198    
   334    35    27     32.987038    
   335    36    27    -87.965435    
   336    37    27     30.757158    
   337    38    27    -35.063198    
   338    39    28     13.148699    
   339    15    28    -52.894988    
   340    16    28     105.78998    
   341    17    28    -52.894988    
   342    20    28     132.23747    
   343    21    28     132.23747    
   344    26    28    -65.968640    
   345    27    28     351.83274    
   346    28    28    -65.968640    
   347    31    28     87.657996    
   348    32    28     87.657996    
   349    37    28    -35.063198    
   350    38    28     70.126396    
   351    39    29    -35.063198    
   352    15    29     19.835620    
   353    16    29    -52.894988    
   354    17    29     13.223747    
   355    20    29    -52.894988    
   356    21    29    -39.671241    
   357    26    29     21.989547    
   358    27    29    -65.968640    
   359    28    29     65.968640    
   360    31    29    -35.063198    
   361    32    29    -26.297399    
   362    37    29     13.148699    
   363    38    29    -35.063198    
   364    39    30     8.7657996    
   365    22    30    -154.54668    
   366    23    30     515.15558    
   367    24    30    -206.06223    
   368    29    30     824.24894    
   369    30    30     412.12447    
   370    33    30    -154.54668    
   371    34    30     515.15558    
   372    35    31    -206.06223    
   373    22    31    -206.06223    
   374    23    31     515.15558    
   375    24    31    -220.52075    
   376    25    31     219.91359    
   377    26    31    -87.965435    
   378    29    31     412.12447    
   379    30    31     1176.1107    
   380    31    31     175.93087    
   381    33    31    -206.06223    
   382    34    31     515.15558    
   383    35    31    -220.52075    
   384    36    31     219.91359    
   385    37    32    -87.965435    
   386    24    32    -87.965435    
   387    25    32     219.91359    
   388    26    32    -92.271475    
   389    27    32     87.657996    
   390    28    32    -35.063198    
   391    30    32     175.93087    
   392    31    32     492.11453    
   393    32    32     70.126396    
   394    35    32    -87.965435    
   395    36    32     219.91359    
   396    37    32    -92.271475    
   397    38    32     87.657996    
   398    39    33    -35.063198    
   399    26    33    -35.063198    
   400    27    33     87.657996    
   401    28    33    -26.297399    
   402    31    33     70.126396    
   403    32    33     140.25279    
   404    37    33    -35.063198    
   405    38    33     87.657996    
   406    39    34    -26.297399    
   407    22    34     51.515558    
   408    23    34    -206.06223    
   409    24    34     77.273338    
   410    29    34    -154.54668    
   411    30    34    -206.06223    
   412    33    34     154.54668    
   413    34    34    -154.54668    
   414    35    35     51.515558    
   415    22    35    -206.06223    
   416    23    35     412.12447    
   417    24    35    -206.06223    
   418    29    35     515.15558    
   419    30    35     515.15558    
   420    33    35    -154.54668    
   421    34    35     824.24894    
   422    35    36    -154.54668    
   423    22    36     77.273338    
   424    23    36    -206.06223    
   425    24    36     73.506917    
   426    25    36    -87.965435    
   427    26    36     32.987038    
   428    29    36    -206.06223    
   429    30    36    -220.52075    
   430    31    36    -87.965435    
   431    33    36     51.515558    
   432    34    36    -154.54668    
   433    35    36     220.52075    
   434    36    36    -65.974076    
   435    37    37     21.991359    
   436    24    37    -87.965435    
   437    25    37     175.93087    
   438    26    37    -87.965435    
   439    30    37     219.91359    
   440    31    37     219.91359    
   441    35    37    -65.974076    
   442    36    37     351.86174    
   443    37    38    -65.974076    
   444    24    38     32.987038    
   445    25    38    -87.965435    
   446    26    38     30.757158    
   447    27    38    -35.063198    
   448    28    38     13.148699    
   449    30    38    -87.965435    
   450    31    38    -92.271475    
   451    32    38    -35.063198    
   452    35    38     21.991359    
   453    36    38    -65.974076    
   454    37    38     92.271475    
   455    38    38    -26.297399    
   456    39    39     8.7657996    
   457    26    39    -35.063198    
   458    27    39     70.126396    
   459    28    39    -35.063198    
   460    31    39     87.657996    
   461    32    39     87.657996    
   462    37    39    -26.297399    
   463    38    39     140.25279    
   464    39    40    -26.297399    
   465    26    40     13.148699    
   466    27    40    -35.063198    
   467    28    40     8.7657996    
   468    31    40    -35.063198    
   469    32    40    -26.297399    
   470    37    40     8.7657996    
   471    38    40    -26.297399    

  L2 error ||X1 - X2|| =   0.347827E-14

UMFPACK_WATHEN:
  Normal end of execution.

20 July 2014  11:51:08.584 PM
