     1    0.529109        0.682475        0.385641        0.523565E-01    0.273512E-01    0.743259    
     2    0.386930        0.265748       -0.166010        0.674015E-01   -0.989472E-01   -0.192354    
     3    0.499262        0.298895       -0.506967        0.219369        0.227547E-01    0.335898    
     4    0.502236       -0.693604       -0.271295       -0.547852       -0.260948       -0.835277E-01
     5    0.671862       -0.353236E-01   -0.664626       -0.250110       -0.247996        0.226479    
     6    0.496938        0.154201        0.698151E-01    0.543309E-01    0.565094E-01    0.183843    
     7    0.373992        0.232940        0.350417       -0.172378       -0.999716E-01    0.825018    
     8    0.591199       -0.488189        0.699367        0.154685       -0.183996       -0.328380    
     9    0.494706       -0.356668E-02   -0.176185       -0.340990        0.605599E-01   -0.177097    
    10    0.714375        0.505548       -0.576963       -0.288509        0.316467E-01   -0.230299    
    11    0.599515        0.325598        0.222910        0.105284        0.145624       -0.942712E-01
    12    0.648296       -0.156832         1.00000       -0.376088        0.550788       -0.853878E-01
    13    0.852991       -0.487987        0.810202       -0.413008       -0.198775       -0.321787    
    14    0.464070        0.429093E-01   -0.534290       -0.339939        0.342148        0.195081    
    15    0.750585       -0.247421       -0.439114       -0.629730       -0.153923       -0.241889    
    16    0.368205        0.179731       -0.475272        0.491588        0.183939       -0.230307    
    17    0.746066        0.227042       -0.800351       -0.133953E-01    0.585903       -0.176820    
    18    0.899550       -0.681679E-01   -0.236015       -0.119753        0.298135        0.185499    
    19    0.427857        0.610264        0.838979       -0.156098       -0.358328        0.742082E-01
    20    0.548177        0.311255       -0.709132        0.825208E-01    0.157571       -0.206105E-01
    21    0.467055        0.812079E-01   -0.319954       -0.137594       -0.578218E-01   -0.964201E-01
    22    0.438787        0.657277E-01    0.100390        0.585670       -0.396976       -0.209645    
    23    0.487829        0.299467       -0.506725       -0.289966        0.119884E-01   -0.175315    
    24    0.716166       -0.829586       -0.123455        0.126884E-01   -0.369288        0.928091E-01
    25    0.866354        0.226644        0.742929       -0.965524E-02   -0.458317       -0.301579    
    26    0.558953        0.926325        0.626784       -0.412375        0.185150       -0.282569    
    27    0.391915       -0.695806E-01    0.334543E-01     1.00000        0.302742        0.194600E-01
    28    0.781691       -0.870822        0.193494        0.652955        0.380218       -0.268433    
    29    0.655791        0.191470        0.359182       -0.535429        0.629447       -0.108324    
    30    0.670163       -0.757254       -0.183205       -0.485848E-02    0.430891       -0.103420E-01
    31    0.387805        0.530243E-02    0.851131E-01    0.463707        0.300746        0.228950    
    32    0.773253       -0.379994       -0.491289       -0.665453        0.668196E-02    0.486028    
    33    0.566309        0.103378       -0.400855       -0.294219       -0.190009       -0.669136E-01
    34    0.604374        0.697308       -0.519186        0.216785       -0.362287       -0.202617    
    35     1.00000       -0.548662       -0.538914E-01    0.293817        0.299653       -0.116422    
    36    0.708626       -0.285334       -0.181317       -0.228578       -0.106658       -0.137926    
    37    0.664989       -0.211681       -0.307311        0.218742       -0.212784       -0.107432E-02
    38    0.700905        0.213898        0.642426       -0.435744        0.918004       -0.268318    
    39    0.649598        0.705794        0.240101        0.132576        0.199148       -0.389065    
    40    0.606966        0.247981E-01   -0.186761       -0.369561       -0.363948        0.359456    
    41    0.594870        0.142158E-01   -0.154645       -0.198394       -0.483409       -0.249669    
    42    0.682191         1.00000       -0.334710E-01   -0.773087E-01    0.337054        0.312676    
    43    0.766744        0.542299        0.228690E-01   -0.314067        0.950476E-02    0.264321    
    44    0.489342        0.215953       -0.530854        0.160991       -0.450167E-01    0.258326E-01
    45    0.720759       -0.136404       -0.704202       -0.161813       -0.225348       -0.104839    
    46    0.345293        0.204662E-01    0.337341        0.627160       -0.460042       -0.606392E-01
    47    0.570845        0.107980       -0.111834       -0.217042E-01   -0.202023       -0.107950    
    48    0.509108        0.135829       -0.102778        0.705008        0.281722        0.210501    
    49    0.714821       -0.462240E-01    0.372328        0.258559       -0.268694       -0.207720    
    50    0.535360       -0.598299        0.518859       -0.505972        0.213999        0.247294    
    51    0.553397       -0.185280        0.126916       -0.391936        0.591968E-01   -0.115673    
    52    0.575446        0.472099E-02   -0.530309E-01   -0.187969       -0.487930       -0.173754    
    53    0.468151        0.181065        0.234995       -0.388664E-01   -0.273496       -0.915454E-01
    54    0.542120        0.390302        0.798826E-01    0.833467       -0.233740       -0.127417    
    55    0.774219       -0.408757       -0.670161       -0.234308        0.355482       -0.219569    
    56    0.403257        0.118698        0.237643        0.293493       -0.152835       -0.300636    
    57    0.470833        0.143001       -0.286365        0.279542       -0.259524        0.110818    
    58    0.536430       -0.571441       -0.131760        0.158182       -0.466293E-01    0.229155    
    59    0.347508        0.523566        0.152165        0.120413         1.00000       -0.167214    
    60    0.309371        0.212490       -0.129587       -0.703245E-01    0.297754       -0.754921E-01
    61    0.391759        0.424171        0.599309       -0.776946E-01   -0.549770        0.239579    
    62    0.461262       -0.440370       -0.764819E-01    0.342995        0.247978        0.157302    
    63    0.694918       -0.409761        0.437738        0.792741E-01   -0.186296        0.902267E-01
    64    0.634960        0.679533       -0.119253        0.273996        0.102023        0.537495    
    65    0.548416       -0.145815        0.286865       -0.210488       -0.231689       -0.276168    
    66    0.488157       -0.217557       -0.100183        0.779390        0.919201E-01   -0.245667    
    67    0.451511        0.493556E-01    0.794071       -0.189026       -0.449431       -0.217570E-01
    68    0.559513       -0.444097       -0.968041E-01   -0.214957       -0.247911        0.342032E-01
    69    0.585639        0.346525        0.131177       -0.251501       -0.632070        0.256440    
    70    0.264295       -0.150859E-01    0.651288        0.656566E-01    0.601133        0.452300E-02
    71    0.528303       -0.331196        0.251618       -0.176936E-01    0.247154        0.115875    
    72    0.384831        0.222042        0.299046       -0.269221E-02    0.313364       -0.185290    
    73    0.460195        0.251807        0.163134        0.189942       -0.372930       -0.106560    
    74    0.442336        0.410666       -0.728014E-02   -0.314028        0.334970        0.237030    
    75    0.564820        0.542283E-01    0.839655       -0.426814E-01   -0.114315        0.101601    
    76    0.391666       -0.924296E-01   -0.332830       -0.311008E-01    0.184952E-01   -0.121272    
    77    0.545642        0.564891       -0.156034        0.962452E-01   -0.598847       -0.144734    
    78    0.491200        0.866358E-01    0.127624        0.171543       -0.190834       -0.248457    
    79    0.474661       -0.135341       -0.556520       -0.168925        0.325206E-01   -0.102281    
    80    0.281517       -0.143247        0.898450E-01    0.371655        0.853426E-01    0.356908    
    81    0.275205       -0.192241        0.335188       -0.665423E-01   -0.435200E-01    0.604458E-01
    82    0.240674        0.393638        0.229106       -0.133325        0.179190       -0.750330E-01
    83    0.220034       -0.285645E-01    0.437232E-01   -0.747125E-01    0.698154E-01    0.450178E-01
    84    0.362379       -0.480857E-01   -0.279536        0.115788        0.217738E-01   -0.136291    
    85    0.375952        0.282344       -0.485987       -0.311234        0.109220       -0.105156    
    86    0.439201       -0.363116       -0.178843        0.179461       -0.485000E-01    0.714727    
    87    0.267639       -0.187932        0.202665        0.454397       -0.348195       -0.154598    
    88    0.195353        0.860225E-02    0.198941       -0.803988E-01    0.298586        0.485599E-01
    89    0.280341       -0.376796        0.638149E-02    0.817502E-01   -0.578584E-01   -0.107847    
    90    0.305997        0.126004       -0.377150       -0.133167       -0.130788E-01   -0.471677E-02
    91    0.429374       -0.308038E-01   -0.166260       -0.330613       -0.221865        0.486736E-01
    92    0.361349        0.201953        0.657163E-01    0.438031E-01   -0.385599        0.118466    
    93    0.307554       -0.261726        0.218161        0.549401E-01    0.281061E-01   -0.140816    
    94    0.409200       -0.404038        0.415467E-01    0.582886        0.143816        0.380989E-02
    95    0.292387       -0.194263        0.276472       -0.997858E-01   -0.304671       -0.121745    
    96    0.343197       -0.215099       -0.426242       -0.270639        0.217966E-01   -0.364147E-01
    97    0.318388       -0.311980        0.252624       -0.149303        0.364033        0.595276E-01
    98    0.391234        0.285098       -0.864737E-01   -0.135063        0.186455       -0.589071E-01
    99    0.273480        0.137078       -0.283170       -0.114410       -0.453412E-02   -0.878848E-01
   100    0.193509        0.314636        0.203149       -0.391202E-01   -0.610055E-01    0.396544    
   101    0.411998       -0.124810        0.488676       -0.153799        0.160861        0.495392E-01
   102    0.330845       -0.214024E-01   -0.356863        0.476005       -0.443229E-01    0.662264E-01
   103    0.352153       -0.123189E-01    0.261758        0.131391       -0.227571       -0.485342E-01
   104    0.431452        0.191576E-01   -0.285243        0.730303E-01   -0.319143        0.719203E-01
   105    0.339440        0.374356E-02    0.356730        0.422096       -0.113829        0.391431    
   106    0.264426        0.746720E-01    0.440289        0.204042        0.313972E-01    0.210429    
   107    0.400083       -0.993430E-01   -0.125855        0.364987        0.128645         1.00000    
   108    0.327762       -0.546057E-01    0.444281        0.241732        0.124180       -0.198626    
   109    0.409895       -0.325097       -0.192914       -0.504847E-01   -0.592034E-01    0.472959E-01
   110    0.433015       -0.323518       -0.100963E-01    0.531388        0.215107        0.138433    
   111    0.359570       -0.328740        0.218224       -0.194814       -0.139686        0.490211    
   112    0.372508        0.101133       -0.449232E-01    0.295111E-02   -0.706230E-01    0.505291E-01
   113    0.276249        0.116183        0.223539E-01    0.675238E-01    0.193401       -0.151682    
   114    0.298155       -0.235680        0.143347       -0.336432        0.124961E-01   -0.810966E-01
   115    0.320732       -0.119671       -0.257859E-01    0.332465E-01    0.639234E-01   -0.136353    
   116    0.286211       -0.194029        0.194059       -0.152727E-01   -0.400067E-01   -0.836469E-01
   117    0.315718        0.166728       -0.192160E-01    0.618690       -0.275491E-01   -0.221482    
   118    0.401013       -0.467423       -0.830112E-01   -0.115956       -0.125723        0.168491    
   119    0.423176        0.413319       -0.775971        0.377072        0.288140E-01   -0.267646    
   120    0.430665       -0.215433        0.158472E-01    0.315845        0.234091        0.135284    
   121    0.352998       -0.254948        0.147522        0.206875        0.750316E-01    0.275052    
   122    0.356557        0.155068       -0.135974        0.424573        0.837369E-02   -0.221129    
   123    0.283926        0.302120        0.287002        0.324063E-01    0.890174E-01   -0.120904    
