  0.5790998784874074      0.6682296107546500    
  0.4398602083929981      0.6176726312426321    
  0.5375472188503174      0.5213642720535357    
  0.2598249876710994      0.6608739884565970    
  0.8359012121318083      0.4759043999073901    
  0.1309415832770279      0.9260027877821840    
  0.4436933889308717      0.9358561335489524    
  0.3461330585931010      0.9279650739160946    
  0.7224540449553956      0.7448220457291302    
  0.2487470374468575      0.8777775791103318    
  0.9773788989010163      0.5534499853274747    
  0.4060335223593288      0.1239160078427658    
  0.9742465394396840      0.4964549378162195    
  0.5490841064037363      0.2049695779264672    
  0.2301713562013243      0.6275643122953519    
  0.2627719131388009      0.5136797000072838    
  0.6824243500150386      0.9666317401821679    
  0.2693232948091523      0.1622617251701151    
  0.6381665892604658      0.8755212069150722    
  0.3315361862584672      0.9795085339185660    
  0.6355268243429336      0.1915643746307543    
  0.6784391872314439      0.2131768446683175    
  0.8671676447954283      0.8346361527384740    
  0.1426472000033863      0.8757812730391095    
  0.5096282502856149      0.1156594765729988    
  0.3955942287244801      0.8586182169134875    
  0.8493762007481890      0.8270642838955475E-01
  0.1145980845644610      0.9766058815704090    
  0.2894198448517373E-01  0.8718961935873267    
  0.3826235804973080      0.5951108040870615    
  0.1978301141378066      0.7290144315139532    
  0.4919763615743525      0.9712536086790515    
  0.4839187048830661      0.1551619387037625    
  0.7915533879728499      0.1891747887957007    
  0.8388462050903014      0.2881803304097101    
  0.9756118015098340      0.8269808717043639    
  0.9744663093211027      0.3198803107725870    
  0.8854427865616451      0.3063621553561567    
  0.6402155293232049      0.4361846665700351    
  0.4363839409743477      0.7705543572141860    
  0.5409459761908143      0.9292252072930587    
  0.6757841874119050      0.7231820970315344    
  0.7532793878118461      0.8313248882412502    
  0.6731595737476543      0.6674421755386302    
  0.1455209369251003      0.2696177237096629    
  0.6215497382291992      0.3222132479297860    
  0.6520604834281894E-01  0.2466689967479578E-01
  0.8833406225843307      0.7874137729405940    
  0.2010617002715453      0.2768974407719189    
  0.2195379939748735E-01  0.9724097338391195    
  0.9228814717346039      0.2254682961378233E-01
  0.1268490126908433      0.7943110791226170E-01
  0.5453980314294425      0.4268713200789068    
  0.3021287111078907      0.3190268214936040    
  0.2634309631002342E-01  0.2290978284247411    
  0.4864823340434122      0.8030310599573566    
  0.2524748922211272      0.2465765243233374E-01
  0.3543751862074020      0.3943542081800411    
  0.4392196426060100      0.4620468651151086    
  0.4587225368920596      0.7196832388992108    
  0.2727990450620180      0.9773380397430861    
  0.8845191732184048      0.4504676184221119    
  0.4872137271625191      0.5332298498893975    
  0.5464454818847513      0.3799302913752190    
  0.9668984887472150E-01  0.4172113502039025    
  0.2985049408138715      0.9355776006340264    
  0.3884442455232182      0.4900180185006104    
  0.5363744332312768      0.3355368332211474    
  0.7899041758655960      0.4300186215221775    
  0.2246750965204869      0.1910039500156926    
  0.4829776397729161      0.6667343230684023    
  0.4441220887848936      0.8825303116069261    
  0.6244653418649354      0.6804687843111785E-01
  0.2473026820303699      0.7492120295350559    
  0.7028386774475428      0.1252124831435105    
  0.9765999665961660      0.8760725432390664    
  0.1044955084166238      0.1338398549066183    
  0.3846250629990950      0.2801585124062044E-01
  0.6070344423201479      0.5917899989617048    
  0.5603299455688400      0.2585093708641285    
  0.7244160331746634E-01  0.7602397437447656    
  0.1824592077623401      0.3184137132631052    
  0.6710470289965604      0.5840798306120704E-01
  0.2889611126666554      0.6195710839776100    
  0.4631623451173589      0.3022659233718671    
  0.5909296790557873      0.4525389109518817    
  0.2581420112564537      0.1133632772192892    
  0.7091110106707714E-01  0.1953894881069554    
  0.7419801667048306      0.1601887123444194    
  0.3783256185400868      0.2336980119502731    
  0.9341115595592885      0.1199349247855646    
  0.5931247589538098      0.4052614606588472    
  0.5997175592380270E-01  0.8154634501096729    
  0.2313799327000796E-01  0.9625173215992631E-01
  0.8838391290381060      0.1410186684670811    
  0.3049210854589239E-01  0.7249214142584205    
  0.2285708936016151E-01  0.6296175842305818    
  0.3989806328512890      0.3721701323294593    
  0.2358333978814841      0.2438294538876068    
  0.3327241664402456      0.2769868210351005    
  0.1405185267292130      0.8222234237738103    
  0.6595720173681136      0.1018449949883300    
  0.2269515675465628      0.7563561325366765E-01
  0.2818425503715071      0.7164695531322376E-01
  0.3201487151409507      0.4875372347157260    
  0.2692086267300950E-01  0.4692170622573565    
  0.7267683900446029      0.9764544730738429    
  0.6643693306656092      0.3949649362837324    
  0.1280272873377156      0.1809365805878022    
  0.2671686242367837      0.5726968007678798    
  0.7704989441451244      0.7223400285883743    
  0.6827700852009394      0.9079286781785606    
  0.5187884392995509      0.7099119904296225    
  0.4033793756152199      0.7165683723093172    
  0.8886004944775928      0.2003662845194184    
  0.5337728854704046      0.7620487847833705    
  0.6936251240231917      0.4770032690218146    
  0.7732187501066700      0.6759541495077910    
  0.7410333078657019E-01  0.8059697051910940E-01
  0.1782713698420912      0.2262536896353869    
  0.4106079419792087      0.3217233531434099    
  0.1669789214135752      0.5707830556830091    
  0.6556222224452093      0.2910139737225160    
  0.7824477539297139      0.2375780005127449E-01
  0.2351755287900267E-01  0.7739242010081456    
  0.9773710006463966      0.2062729803741339    
  0.1057106791767106      0.7954661930896474    
  0.6671527342738338E-01  0.9816032191480252    
  0.6980946077250542      0.4303731583820072    
  0.8234406196033688      0.9762398923865383    
  0.4806328028009333      0.7113190837004665E-01
  0.5420970929221428      0.8760303607562722    
  0.5568550607243373      0.6185938317096344    
  0.6731682385938257      0.3420606131260908    
  0.5915706580307849      0.4989480469183384    
  0.8244861219922707      0.6900466548867685    
  0.7712203491396517      0.3736790098128103    
  0.4582242810953707      0.1166529626803945    
  0.2155396041209929      0.5871885268966184    
  0.4408398992539737      0.9798487297226822    
  0.7937524592938632      0.9255373418999073    
  0.4915539019754528      0.4405089196046831    
  0.7445584886986643      0.2793399989904740    
  0.2747859567416095E-01  0.4140934085109571    
  0.5850958929842399      0.3569100090176002    
  0.7119293257148975      0.7679246103595941E-01
  0.9755585632508059      0.2880870540824665E-01
  0.8228280203702470      0.3838432479234187    
  0.2038880591342930      0.2510404497578031E-01
  0.2518988796547900      0.4129993617033622    
  0.1586561542749332      0.1265088045451045    
  0.8807641859918096      0.6780929167163330    
  0.4922947733552394      0.8551168417962178    
  0.5105253918271465      0.2431778744910470E-01
  0.9364302696461370      0.6655850624204494E-01
  0.3269600812106994      0.7792418876720193    
  0.5145440998444097      0.2888781652665803    
  0.3987841186289778      0.4272566945249758    
  0.7718364969427065      0.3222943258122601    
  0.3541021687600813      0.4487441555092440    
  0.4712083962552926      0.2520105543007871    
  0.4585503761367893      0.5715068879682802    
  0.9329684526538982      0.9078404733241652    
  0.2937009506061706      0.7352826767417424    
  0.2823395279093168      0.2648081608383844    
  0.1970876248097956      0.6761802722128463    
  0.4950155350456145      0.6177732235769910    
  0.3764049041036114      0.7612560209599198    
  0.6527023348052177      0.6153637553305557    
  0.7292495628541120      0.2034273230582887    
  0.7105331929952259      0.5312924108460579    
  0.1694262668269038      0.7737733216573162    
  0.1563733190287511      0.2764240884867387E-01
  0.2206029623453595      0.9759142797954021    
  0.3791214897987198      0.2866993145731592    
  0.8315339613502283      0.5323255593683601    
  0.3400684033583610      0.6355815698419939    
  0.2419156742802227      0.9275340774727109    
  0.2631506463716638      0.4630874877656889    
  0.3090504452623301      0.5395301773969938    
  0.2427454661882173      0.3110431831438522    
  0.9772139728914329      0.1482715617654008    
  0.2453040557018329E-01  0.5793226715315920    
  0.1482554214790804      0.7070718175611221    
  0.9234168639166862      0.7493525515799340    
  0.8752220616764892      0.2526929466831821    
  0.9753193840357360      0.6670828652285703    
  0.8836345154796403      0.6119537839159889    
  0.5990957784101658      0.8044481029220895    
  0.6103239725359928      0.2736232009295900    
  0.1256934642308447      0.6596985516525246    
  0.7741598504547191      0.9745967592077898    
  0.5426983052367418      0.8149183169657107    
  0.5901672794652206      0.9072813513301993    
  0.7724428196490556      0.7794267315274298    
  0.9269517577405597      0.6424108260440550    
  0.7000409459247023      0.2982303948449852    
  0.8013881733195553      0.6333586691448457    
  0.5904546058430923      0.1660684674844700    
  0.9277143510578690      0.5357111520217112    
  0.8392468366443120      0.4282642312380920    
  0.7592133723392891      0.6420028128759239E-01
  0.4984369769531909      0.3918420247462735    
  0.5783674412124531      0.7130268259079246E-01
  0.1858532509353180      0.9255871161258428    
  0.8362431763549006      0.1298558222608576    
  0.6685058985902672      0.5160348009581859    
  0.9768203701912801      0.6104549676604341    
  0.7715833113988420E-01  0.6172274231606426    
  0.2205443333033538E-01  0.3226379498054677E-01
  0.5406834682839016      0.4738708663877818    
  0.8173377755194430      0.3338601610651414    
  0.1996728845649553      0.4268900215539539    
  0.9236902981067141      0.8528067627592690    
  0.6425291211684020      0.2095181535816115E-01
  0.9291350046742777E-01  0.7093237721878249    
  0.8290883470303286      0.8791810468511623    
  0.5901051915807556      0.9691372112997511    
  0.2169132280101854      0.5375025749235761    
  0.7305597401366387      0.5759011591213350    
  0.7060146677123538E-01  0.6659148824016811    
  0.4870820902309052      0.1995755171869903    
  0.2407814893221599      0.8314843840954436    
  0.8785061114341188      0.3953003793432551    
  0.5847554379024098      0.5426676413248198    
  0.2477753994633132E-01  0.9189658518847577    
  0.6937434033200067      0.2116700522255393E-01
  0.2276673613031336E-01  0.5262334933977859    
  0.9363300337293455      0.4535911445722733    
  0.6160888625005145      0.6441313302000972    
  0.8322652129960766      0.7855321785932775    
  0.7352582123588057      0.9270932940282453    
  0.7918478368598235      0.4859650137951003    
  0.1688915063494399      0.5159771608794355    
  0.8240635451453413      0.2328095717928192    
  0.5897406632125887      0.8532041183639751    
  0.1466123095247930      0.4122295695620641    
  0.9736635957395853      0.7203263701806512    
  0.4460878726929121      0.4086283411692045    
  0.6282146353950436      0.5424955127167773    
  0.7277300083989959      0.3379032874261156    
  0.4249951520474392      0.2456027406583912E-01
  0.3424009099773652      0.2514779865301698E-01
  0.6859282115572553      0.1683137099176499    
  0.7515534829317979      0.1105064132185976    
  0.8081759246277085      0.8307423180578791    
  0.3081247204517377      0.1261730256292165    
  0.1114823230099567      0.2681919091046982E-01
  0.5160489679277419      0.2390910614731469    
  0.9249864852134710      0.6989477749760352    
  0.6890580538866514      0.8451847488492689    
  0.4231082456347293      0.2678189461932930    
  0.9302900010586151      0.2875132001297247    
  0.7168497669289345      0.7999661819354584    
  0.6294779790954316      0.3720079346372786    
  0.1745794218754037      0.6270030404858186    
  0.3542407600318578      0.3363437428035737    
  0.5613461700617751      0.1218598226075721    
  0.3070842359268180      0.6813816411331265    
  0.7434908652297031      0.6345817577768997    
  0.5556292124017312      0.5740041652881435    
  0.4397543965225307      0.5145096331573569    
  0.8755867389146351      0.5083016533542842    
  0.7936876724286355      0.2754407817757634    
  0.4869799285670509      0.7573343491881099    
  0.7504082500582694E-01  0.9373489430250860    
  0.8742863530207575      0.9775516573902199    
  0.8238414179133713E-01  0.8916788808586034    
  0.8022490484081609      0.7982854721328794E-01
  0.1666083789564855      0.9727758591336373    
  0.8270411360702969      0.2785145624256575E-01
  0.1264309087136112      0.6065262867327650    
  0.7477738261151301      0.5121357716281388    
  0.5406881425011217      0.9785830418770198    
  0.4886484892690397      0.4874238405702817    
  0.6358245139980283      0.9773885015486667    
  0.9800475014735603      0.9037239399685242E-01
  0.2810971575737946      0.2103336479063740    
  0.5528309240147904      0.2585752382671360E-01
  0.8433318250523487      0.1827353778687248    
  0.7050983586069646      0.2494809987501178    
  0.3292490415681280      0.2269812697851673    
  0.1469510433526674      0.4616802580629096    
  0.5310647111449545      0.7320963431046647E-01
  0.9238523603880111      0.3490526370756582    
  0.2454775200751601E-01  0.6797618482834517    
  0.1266229521194051      0.3168082631906565    
  0.9755601124606452      0.9298696615483197    
  0.7149759313023804E-01  0.5609712603615767    
  0.8051763484747237E-01  0.4592218654690454    
  0.8707693691271836      0.7314646218946820    
  0.5974678808608896      0.2212493732061146E-01
  0.6430227029433685      0.1467125396016291    
  0.8747189489747466      0.2605874428410047E-01
  0.7843027632022292      0.5432754746351698    
  0.9304768964299340      0.9735040970039314    
  0.3427521139069017      0.8768760253211595    
  0.3268598263592692      0.1744630394257155    
  0.5729303658049293      0.7165883160969545    
  0.7760697277791382      0.8812467782390044    
  0.8465204626328831      0.6400600285626927    
  0.6069433710437314      0.1141906973153177    
  0.8925842068561318      0.8082349885229853E-01
  0.8463767299128619      0.9304209785983912    
  0.5308150764779722      0.1633499912148203    
  0.1975441063771498      0.8772024292650290    
  0.2726799794563479      0.7915986043287253    
  0.6734278557195452      0.5707595800173941    
  0.2613575150870932      0.3578358875142318    
  0.8958642514718489      0.9358617205273678    
  0.9310795802005729      0.5870361196768119    
  0.7771338771841309      0.5911767384312180    
  0.9777466488654615      0.9755188868900611    
  0.3840812494354895      0.1799094221372818    
  0.3955414502812681      0.9139077186484875    
  0.2154046146371292      0.1332323338770202    
  0.7234220780608430      0.6861734629882704    
  0.9286785769583547      0.4055316120845803    
  0.6719304642056438      0.7789340219535150    
  0.7000175724388277      0.6193186819383989    
  0.4292947189358376      0.2164275375205864    
  0.1276840788109251      0.7518943390262933    
  0.1796644544247740      0.7675406156307835E-01
  0.9296196815864527      0.1767389537551528    
  0.4914927110131052      0.9112111632595473    
  0.6378550898320402      0.4820870138730639    
  0.9740680204651596      0.7713254430080128    
  0.4103921748416899      0.5567033698889023    
  0.9747509563263492      0.3769049524062176    
  0.7254419424778769      0.8777874216219064    
  0.1111466277422081      0.3687319403108706    
  0.4288744453206306      0.7228590622667516E-01
  0.9174311995058670      0.4919353933913191    
  0.8165768039381610      0.7384129315107425    
  0.3313190643369183      0.7629624153761358E-01
  0.2028434216526258E-01  0.1657009496412976    
  0.8312561599355848      0.5870013007836468    
  0.6061156912674441E-01  0.3759243557672572    
  0.7353333756378547      0.2577436819190778E-01
  0.1903512544781963E-01  0.8249653279226038    
  0.4407415550968229      0.8282092898673530    
  0.3321134308448154      0.5806950609546976    
  0.8641477533507369      0.3474690667999538    
  0.2955574579153180      0.8381877142040266    
  0.4347432868468060      0.6725620096954545    
  0.9280701424439398      0.8018128982151888    
  0.5322906740403358      0.6608989916212398    
  0.2113893537252954      0.4783763206853254    
  0.8815495492813663      0.8868564931606662    
  0.5120333453134601      0.5751391195419078    
  0.2185485591332426E-01  0.3470959468723105    
  0.6268884866213968      0.7547708593863894    
  0.2938983550313225      0.8892927095591975    
  0.5722688754182991      0.3040928285559620    
  0.2498093383885477E-01  0.2890795752929213    
  0.5827145525827196E-01  0.1367325114785621    
  0.3030176477248744      0.4268593678412896    
  0.2154826445463738      0.3681669680364645    
  0.6431439596630106      0.8221247286658686    
  0.6353372449163193      0.9286465657461788    
  0.6256729236600773      0.7001573179208729    
  0.2455905888359140      0.7029433331561542    
  0.7117945040228364      0.3792773487658148    
  0.6900086760264675E-01  0.5093759874720138    
  0.2171804483207865      0.7842164679303076    
  0.6478600970536033      0.2441395369187083    
  0.3954404363776479      0.6460593265364629    
  0.7434054281336860      0.4638816167558764    
  0.2991236796567169      0.2360989743573397E-01
  0.9257162839094536E-01  0.8496054872909460    
  0.3966548155561351      0.8061466337881755    
  0.4510855288400727      0.3587532203943920    
  0.9306871444588676      0.2306755144353057    
  0.7428265778035298      0.4160053280449925    
  0.9753354163235316      0.2631242761332578    
  0.7903332385820996      0.1355117756826407    
  0.1173893176861683      0.5006647144640543    
  0.7655979578148743      0.2319123255604213    
  0.3442271216187134      0.7253797653359695    
  0.3796204185161605      0.7832702675902696E-01
  0.7271783699792458E-01  0.3199237641143288    
  0.5989363662146723      0.2222661341734989    
  0.4954385431195944      0.3405171193319995    
  0.3583216336061132      0.1302484555160483    
  0.7777361822176215E-01  0.2642660830638016    
  0.5785525728769231      0.7635985954098814    
  0.8823592569558213      0.5610130873831840    
  0.3122104266211018      0.3722368629462872    
  0.1636395767635329      0.3649473131355510    
  0.1779555928916922      0.1744175927620294    
  0.4366516662857970      0.1653187970106275    
  0.1166903703805923      0.2302791880926549    
  0.9783726684663914      0.4362190877289468    
  0.3479983220775230      0.8256178364634261    
  0.4677069511445279      0.2267858558999016E-01
  0.1872094354768329      0.8293198799572273    
  0.3885798201695976      0.9708300395754803    
  0.3601619015995602      0.5340975719507546    
  0.1206739649486568      0.5523301359184845    
  0.3640242406575167      0.6805793327355047    
