  0.9970200680444536      0.5823923785656525    
  0.9478290475354239      0.7731048851530120    
  0.3862124668977855      0.5172568192983925    
  0.1017159507823989      0.7336341773215314E-02
  0.3131873281767564      0.3859229856764361    
  0.2134909299014766      0.1100000230052012    
  0.9477631300653895      0.4013997184953149    
  0.4245988087502771      0.6257855274797798    
  0.5107560572364151E-02  0.6363996672426774    
  0.6328805227857981      0.3244781242276396    
  0.8880719152881854      0.4217892579742339    
  0.1546661191206851      0.6005804025151816E-02
  0.5713129077085428      0.6703190813435412    
  0.4532744696795221      0.3489888240142789    
  0.7421234403948902E-01  0.7965797638673554    
  0.5904932632775067      0.7435046542253843    
  0.9082382284331978      0.6381845102347136    
  0.1409973556162682      0.6116215543617636    
  0.9949777198403963      0.2782441378693338E-01
  0.2446014184508269      0.5484528027686714    
  0.6277251062892208      0.5040223716441942    
  0.9847023241700079      0.9236591888239944    
  0.6480288561870233      0.7283037618049681    
  0.4509684227302985      0.9360657753311752    
  0.1388974774573803      0.6611258827044809    
  0.7684305681270698      0.3239487355497343    
  0.9562338292828895E-01  0.5869783036790278    
  0.8063048209813269      0.9472724462389476    
  0.7210542419117105      0.5041312692682677    
  0.3874602587584817      0.4516318434561274    
  0.5950657934381208      0.9934581449021460    
  0.9881025444690800      0.7454084211279944    
  0.9618759851964831      0.8573957163347892E-01
  0.7470645211202044      0.7184263248523428    
  0.9390160939480560      0.7243321061394260    
  0.8335743361824459      0.5813507061199183    
  0.7451542828560000E-01  0.4503322691189939    
  0.5751295614062802      0.1422098885182376    
  0.5851427601414433      0.5296151407565165    
  0.9030168390784827      0.2720125185379589    
  0.6548177267426923      0.6789109566178865    
  0.4846925123797564      0.2085783337822904    
  0.1031955607157671      0.9847001434140357E-01
  0.5580104488554865      0.3865770574045613    
  0.3434490493897184E-01  0.8295675228636366    
  0.5921441771427111      0.7926319398848294    
  0.9621764770747117      0.1409899190202388    
  0.3389407100500227      0.5950751622591038    
  0.5570486817960392E-01  0.1154188308141350    
  0.2377996494332970      0.6738685569493155E-01
  0.4578974928758012E-01  0.2700364699606499    
  0.4412139927750742      0.1935639616543311    
  0.5572956396888792      0.3151325316119476E-01
  0.4215115683005941      0.4097503581596287    
  0.9895056940924961      0.6886024889057462    
  0.5251811260834629E-02  0.1169833043535953    
  0.5173045029406053E-01  0.8781724964609219    
  0.6802390948809180      0.5817160458354158    
  0.7564132414958059      0.7927062910206119E-01
  0.8926347410200461      0.8558777124246413    
  0.7758717718023920      0.8504762482335868    
  0.5263440275360957      0.6568526888811079    
  0.7051128852003586      0.4056816782763975    
  0.3711032707305567      0.7731107084253845    
  0.4269799957959233      0.4842676584840103    
  0.7435217083855626      0.6691741586868782    
  0.2700306787446671      0.9338102976878504    
  0.4993294050207617      0.8459222409272883    
  0.8930259658778170      0.6938513706432705    
  0.2257932532921018      0.8227822470821992    
  0.7551795994212900      0.2690220088307622    
  0.7005289021476355      0.6515011319221186    
  0.9501154835412288      0.4190974195498546E-01
  0.3572419249318300      0.9120621282814683    
  0.3146458608295590      0.9381685774147130    
  0.5156414085569186      0.4692416237594864    
  0.1767598715741626      0.4149067342601039    
  0.1890544984874353      0.3568831759900155    
  0.6628036823069504      0.6284035782924517    
  0.4963073001182438      0.3115794371375458    
  0.2817232413076264      0.2065050032518439    
  0.4633334672368091      0.9900428299148193    
  0.5217640115895819      0.1230733140777335    
  0.8374574226696418      0.8568696447311923    
  0.6761864067815191      0.4767966538167680    
  0.6023935476113396      0.9434636152707117    
  0.9129508383570535      0.1206761836669844    
  0.8631957705831343      0.6272042758657178    
  0.2651394142321992      0.1187248746771091    
  0.1116043774782793E-01  0.2217295118099991    
  0.3167645728102685      0.7779933495588072    
  0.5499799652881392      0.8681146433141241    
  0.3204581175070106      0.1160108816100525    
  0.3697326875112592      0.2470154094551647    
  0.4925401555675633      0.5538566817768736    
  0.2247326352920159E-01  0.1666414422383220    
  0.9431109907200932E-01  0.6395110851385680    
  0.4081937622278805      0.9012589987597258    
  0.9246601737367393      0.1791116184448197    
  0.8723751624837593      0.1622252927948568    
  0.3944938537799461      0.2979918843309291    
  0.6994748441293257      0.6978199499494806    
  0.4002810374704898      0.8124189902883219    
  0.9557744384729944      0.2970748091241431    
  0.5835787266214895      0.2490282980559227    
  0.8486805809713907      0.2512332953408464    
  0.8620423014593709      0.5335974127991568    
  0.6183099024602694      0.4571794395279887    
  0.2528330646371475      0.2590197442055255    
  0.6254773189598886      0.5995692634409943    
  0.4089733989513573      0.8568788558612853    
  0.6428501900150303      0.2684737815891815    
  0.3436891399218883      0.5446831805004793    
  0.1236578595320605      0.9580123353252566    
  0.3605597096184112      0.6836309213867447    
  0.3577920689222819      0.8659250451530501    
  0.5574187373280092      0.9169551828912890    
  0.9611003799883177      0.6324615095093332    
  0.2979531301889251      0.1604561133844959    
  0.8141158852586985      0.6299103167889154    
  0.7327545473186637      0.2212737908242189    
  0.7756173687425812      0.3735007773572091    
  0.1320293409680312      0.7135173567016936    
  0.4210675844345842E-01  0.6665324793158444    
  0.5447189593856619      0.7649496743910927    
  0.6088897228933706      0.8854416254957729    
  0.8246026215611583      0.9965307091948673    
  0.1925368087511373      0.5750933087205274    
  0.9491976035906966      0.8353735685787734    
  0.1807848842061655      0.6832304856139747    
  0.3392154329011218      0.6901411498054477E-01
  0.9406007830023874      0.6780464209283987    
  0.7722702330302255      0.9907981656559276    
  0.6243188788407800E-01  0.5022276940519115    
  0.7864796387763558E-01  0.1601024053566218    
  0.7210897674925570      0.3079284622599892    
  0.7935036655656351      0.7355518923946673    
  0.3772514343192275      0.1107708557036492    
  0.3092557046162115E-01  0.7734664288307029    
  0.6778611466483628      0.3199817819275583    
  0.5300791875924769      0.5173059284254089    
  0.4344443364124221      0.5436967768915532    
  0.2877503734169148      0.2927945575561404    
  0.8250573595528908E-01  0.9265476875241767    
  0.7353483488360690      0.7654328857002652    
  0.3096834166339953      0.2474726105814379    
  0.2406314491316893      0.6016522037549396    
  0.9168985733330741      0.1067055327852206E-01
  0.1799248327473362      0.9671933337553407    
  0.8481175354936562      0.6715758955495762    
  0.5664182966307986      0.4370202831921586    
  0.2053217316613996      0.8727801374107891    
  0.1301715577668169      0.4332157674675293    
  0.4432564325025441      0.3001432619606179    
  0.4769268630353122      0.6380599468975076    
  0.8240163423469100      0.3992079044136063    
  0.2926655473108874      0.5739454746580274    
  0.7601146068855545      0.1330092792348992    
  0.3595180858451213      0.1567140131337962    
  0.5436969621700855      0.7129116359324109    
  0.2336879687859598      0.2157531517354693    
  0.1126627349814284E-01  0.9767933258848873    
  0.9547323688491623E-01  0.2593099520290266    
  0.2367941235112491      0.1661769461232723    
  0.7965292163684354      0.3868707542382283E-01
  0.8596088316830558      0.1072145355966524    
  0.4219730196841633      0.1452413582114646    
  0.8316557194561014E-01  0.3112061607372681    
  0.6134700435867501      0.6466735472253936    
  0.9109737681876278      0.8058041021332067    
  0.5839077741451894      0.1941651485812998    
  0.5133074445849540      0.6054862359794101    
  0.1323141445809428E-01  0.5238250658470017    
  0.4050615282224918      0.3513179332884831    
  0.7696157913327512      0.6339177250661158    
  0.4573677695256733      0.5908267597916853    
  0.7097938529827584      0.1678288939610834    
  0.2727324460320211      0.4182374845462314    
  0.4654144555509761      0.4490546102149673    
  0.6959667779348452      0.2653426977726360    
  0.1914869847488696      0.1994499725589335    
  0.4066916621400475      0.6783940914488651    
  0.1260908186975437      0.1377951485184968    
  0.6357926085034227      0.5540194241967793    
  0.7820622524595011      0.7817966060657662    
  0.7984549552403765      0.8975166960150166    
  0.6698655025659699E-01  0.3591573665004397    
  0.6687980071641305      0.1311246697123858    
  0.8090814811812547      0.5361624214947184    
  0.2881318704173514      0.4689354481613354    
  0.4739565652623390      0.5049386325583807    
  0.9665469109038711      0.5406631981359689    
  0.1513321258134068      0.2345544560730813    
  0.2627731483807264      0.2592508707959647E-01
  0.7936795296107592      0.2339899020864904    
  0.5170786409786806      0.4199360353615154    
  0.6056610484050899      0.5661831784283959E-01
  0.7192423133575406      0.8676465216827107    
  0.3294505611064564      0.6422145129917712    
  0.6564786045797821      0.7686701478634056E-01
  0.7249290860528148      0.6092654828076784    
  0.2877704179599770      0.7237767760189989E-01
  0.3077579466917914      0.8869921907520162    
  0.1767126544064178      0.4681646986078195    
  0.7402992706769520      0.2747998003901163E-01
  0.5401720538124823      0.8153473043774468    
  0.8570356067692798      0.9545358279739413    
  0.2943101169332145      0.5197775320412513    
  0.1858907949761735      0.3080134786324035    
  0.1327325800971436      0.3336672751515450    
  0.1126984109670186      0.8935779794825605    
  0.9344662003022686      0.4484780110374358    
  0.7987786904266512      0.4438483238002619    
  0.8921937426809129      0.7532781313242201    
  0.6053339514634810      0.6982188289390907    
  0.6368936929261182      0.1946874879725842E-01
  0.3369146789437687      0.2015181446979122    
  0.9363155813651673      0.5006954513952004    
  0.2545651599602110E-01  0.4666197996794120    
  0.9608822646722222      0.9821565284009778    
  0.3507640226090016      0.9707215371674641    
  0.3083209996259995      0.6847141857183773    
  0.7959097461786511      0.6846950034047028    
  0.7213677293909958      0.4530651285587465    
  0.3939645502783402      0.9444200591180988    
  0.7566404791652659      0.4159236257593459    
  0.2165292569214251      0.7151837640310807    
  0.7795531911356037      0.5840870776147121    
  0.9108184696748017      0.3755153836421719    
  0.2372026064564207      0.3146832040155709    
  0.4271491088782861      0.8815230200523445E-01
  0.4484295958828952      0.7288023622775776    
  0.8595722410848379      0.3071307490298229    
  0.8643098731707558      0.8067345423122225    
  0.4591320124502947      0.8819458529339491    
  0.8841042009305156      0.4840253433777591    
  0.7697199124303341      0.4830204078259359    
  0.2289767060673442      0.4512321158568972    
  0.4735391548760903      0.1040001335713922    
  0.7108581762162554      0.9770759311732684    
  0.3917520432670197      0.1977490692067253    
  0.3703104396425098      0.1748875026701354E-01
  0.6358307935640013      0.1692407439702360    
  0.8867802234845122      0.2161330255397731    
  0.8791482623860228E-01  0.8484871291155663    
  0.5494528190422827      0.9713463347300033    
  0.4356718209407997      0.7741674371890311    
  0.2079841613502963      0.1634314363944295E-01
  0.3776120468291255      0.6323151070605886    
  0.1174898403821670      0.7668793130310705    
  0.1002054068907345      0.5339473772144928    
  0.8647823584576040      0.3678392406064025    
  0.8860471668871367      0.5851302712710981    
  0.5340527117302201      0.2273969643370475    
  0.8175374289595141      0.3417414268283466    
  0.2574242293160213      0.3637041189505689    
  0.6637530281332480      0.4311364818679248    
  0.5037171065090180      0.9018894334480738    
  0.4486501441900432      0.6775546435496306    
  0.8103670441173108      0.8177902708551117    
  0.2005730929944279      0.2601848355145887    
  0.6469324657263762      0.9209307834218936    
  0.3878420359661558      0.6139687883617436E-01
  0.4092420719175647      0.9852009692324724    
  0.9422331013417587      0.9344535947417967    
  0.9609441564866682      0.3490077854623598    
  0.7537135329607182E-01  0.7410158743467673    
  0.8449421976023697      0.7193376965505738    
  0.3928766651119562      0.5763737838173243    
  0.2996664111313542      0.3349438046199459    
  0.6406777825582310      0.8299652775462417    
  0.5420734420902550      0.5670865276486107    
  0.2917865329420180      0.7348327298037195    
  0.1479093577757404      0.5120976270284429    
  0.8309739448021163      0.1993276872835552    
  0.3419578346184063      0.4878232570082213    
  0.2403485025287105      0.4984268904088603    
  0.1411799906878423      0.1811816218773888    
  0.1630554285885057      0.9177110687200903    
  0.8347072827864392      0.7672318388152429    
  0.4517815222337822      0.8270533034149588    
  0.9793070467742989      0.4797357292183899    
  0.2495889884169031      0.7458419893409953    
  0.9402659604626696      0.5884885891891602    
  0.8481333376757093      0.5500400738152245E-01
  0.9006438790809840      0.6487345711403313E-01
  0.8706794946374035      0.8859652897415816E-02
  0.6334766489638392E-01  0.9703514744533144    
  0.5877316125796791      0.5771448752822581    
  0.9419652089992200      0.8828713181014803    
  0.1849190788206443      0.5831812523280716E-01
  0.2625782012760620      0.8502798662497987    
  0.2538090223141153      0.8935538781602829    
  0.5093962840851353      0.3638111262909899    
  0.9953777093043127      0.8675487946551783    
  0.6598620384502271      0.3728314126465023    
  0.1824382255316040      0.1498477738639953    
  0.9741205388573573      0.1914428892347443    
  0.2957551745875014E-01  0.9223982172787129    
  0.5021983372262329      0.9511479947443880    
  0.6004615656777518      0.3576664850122072    
  0.5307980334930540      0.1752586461305953    
  0.1328501386045698      0.3784590445608401    
  0.6804872612774439      0.5289128115385962    
  0.8271180224969636      0.4905493444280006    
  0.6848571906347952      0.2058729881342515E-01
  0.1891504371961996      0.6275235862328854    
  0.7512064668256251      0.9450942054758463    
  0.6951319296060164      0.7428539001437104    
  0.3504596729449461      0.8178764777338857    
  0.5675848168326274      0.6200337191372300    
  0.1773814280445335      0.8308114642502757    
  0.5014776399857282E-01  0.6115458502328524    
  0.8933635207537299E-01  0.4011328100496422    
  0.2351372148371863      0.9742227667406538    
  0.4684845630817541      0.4710136418177907E-01
  0.2876755600874369      0.9807401961153818    
  0.9426005257466640      0.2365448917577819    
  0.3971618903858814      0.7295342934360375    
  0.2298974785487156      0.6568782205714778    
  0.6173516437732085      0.1119236976841036    
  0.1127777551962234      0.4814586927420268    
  0.9906987229644569      0.4234456688666187    
  0.7241364000877065      0.3615798998595678    
  0.2226998279298242      0.3979716399523736    
  0.2614768461719089      0.6899431772012378    
  0.5780798044610710E-01  0.2106153574994069    
  0.1974494195140727E-01  0.3183025090415001    
  0.3073319540854876      0.8331290708095107    
  0.4949912028730362      0.6942865784064149    
  0.2686971670569855      0.7932699870136170    
  0.2810674295390644      0.6321429022131738    
  0.7503877924482663      0.9000384809944948    
  0.1426914739979758      0.2843408855921797    
  0.9050910130164039      0.9625485319951870    
  0.8081840370121534      0.2847269921034078    
  0.7708131382813056      0.1826595940765295    
  0.7487463889204508E-01  0.5844877394597648E-01
  0.1256844509406971      0.8186186235636347    
  0.6782868153739855      0.2151980148258629    
  0.3182650588562727      0.2169979357437199E-01
  0.5925108618278331      0.2975190344659498    
  0.4955729866647230      0.7439276096017029    
  0.4596340554421251E-01  0.1652373852669025E-01
  0.4876538347920922      0.7904328728450812    
  0.8957815789699964      0.9107821621276434    
  0.3407973597575583      0.2938606289871744    
  0.8482131433991090      0.4442498189066131    
  0.8877324752902864E-02  0.3719444130085199    
  0.2239508479073533E-01  0.7063724125814390E-01
  0.6121958269438049      0.4057449218618163    
  0.5886441633047118      0.8395064598558539    
  0.3522116237709927      0.3448210039276714    
  0.3323076736836278      0.4337817394397780    
  0.4704027136895316      0.3974903782207204    
  0.6305986725451375      0.2196791723569941    
  0.6911570233221467      0.8330202780853003    
  0.1706330532744911      0.7381317747198155    
  0.5386910460471650      0.2791805543345000    
  0.9882582989579433      0.8039556696771153    
  0.3399936717728977E-01  0.7172147847767472    
  0.7042722617181741      0.6474983728777335E-01
  0.4266695372026691      0.2457621165659774    
  0.3449505655996875      0.7312737330208835    
  0.4853860733622108E-01  0.5596538979296584    
  0.7139930214559139      0.1148914132756947    
  0.5125659500379237      0.7474466192188504E-02
  0.6878889436655162      0.7919136126238455    
  0.1496343765344548      0.8674241364052080    
  0.1574996730144834      0.9954911415017875E-01
  0.2124259205540504      0.9266116330962619    
  0.8072316905328503      0.9556053304388633E-01
  0.9104926042624161      0.5407724801031681    
  0.4230086993185813      0.3061639994232511E-01
  0.7420748137661676      0.8154186260279601    
  0.7247575089347150      0.5620283599401245    
  0.6640949797015110      0.8763590165497787    
  0.9895257896536237      0.2672609336988874    
  0.2097720806223375      0.7765494611823083    
  0.5707038621974277      0.4845087138981661    
  0.5147786926692672      0.6741813282461764E-01
  0.1647875464519587      0.7859513755096288    
  0.8171365651172982      0.1494331655897181    
  0.4775097050747226      0.1546769422789210    
  0.5493726532238512      0.3317804688179758    
  0.1440206675047040      0.5629701718574653    
  0.1050365517803642      0.2078705312923513    
  0.6537556485258885      0.9710789029504885    
  0.8658494560286233E-01  0.6909719316494688    
  0.3696592405713577      0.3976363636318497    
  0.3939587791725709E-01  0.4112265241475626    
  0.8503220842841654      0.9029552288141750    
  0.1300733583819253      0.5027378306869118E-01
  0.5680504823545216      0.8861176057018361E-01
  0.9058456397330028      0.3272854748972532    
  0.4813913510618907      0.2614797552289634    
  0.1950483361014572      0.5232500041742321    
  0.6993996174074035      0.9248830043182944    
  0.7627726994265646      0.5342123067790666    
  0.6421869106089267      0.7753448834849354    
