16 February 2014   8:52:37.401 AM
 
ELLIPSE:
  FORTRAN90 version
  Interpolation of the Franke function
  on the disk with center = (0.5,0.5) and radius = 0.5
  of degree =     60

  Wrote F(x,y) at Padua points in "ellipse_fpd.txt".
 
  DEBUG: C0
 
  Col          1             2             3             4             5      
  Row
 
    1:  0.401026     -0.145124      0.451678E-02  0.395577E-01 -0.371623E-01
    2: -0.232728E-01  0.109387     -0.150340E-01  0.125344E-01  0.317130E-02
    3:  0.575852E-02  0.751198E-01 -0.132716E-01 -0.247458E-01 -0.922823E-02
    4:  0.388227E-01 -0.545031E-01  0.233394E-01 -0.384323E-02 -0.701490E-02
    5: -0.353310E-01  0.439701E-01 -0.128900E-01 -0.249234E-02  0.127191E-01
    6: -0.191718E-01  0.183663E-01 -0.885082E-02  0.249365E-02  0.584809E-02
    7:  0.235749E-01 -0.203190E-01  0.110441E-01 -0.183572E-02 -0.740795E-02
    8:  0.295084E-02  0.200442E-02 -0.111011E-02 -0.131619E-02 -0.291310E-02
    9: -0.528726E-02  0.348094E-02 -0.192195E-02  0.125839E-02  0.212245E-02
   10:  0.997241E-03 -0.442306E-02  0.250631E-02  0.613247E-03  0.144409E-02
   11: -0.804541E-04  0.938700E-03 -0.616516E-03 -0.543453E-04 -0.487909E-03
   12: -0.202256E-03  0.225951E-02 -0.104386E-02 -0.501226E-03 -0.834212E-03
   13:  0.492122E-03 -0.755794E-03  0.501270E-03 -0.180524E-03  0.926702E-04
   14: -0.283595E-03 -0.744285E-03  0.193133E-03  0.387114E-03  0.442671E-03
   15: -0.238515E-03  0.193054E-03 -0.172342E-03  0.117519E-03  0.310023E-04
   16:  0.246222E-03  0.217579E-03  0.181102E-04 -0.213666E-03 -0.206636E-03
   17:  0.960468E-04  0.131394E-04  0.380869E-04 -0.569039E-04 -0.531636E-04
   18: -0.120796E-03 -0.765368E-04 -0.268113E-04  0.897303E-04  0.877202E-04
   19: -0.437828E-04 -0.401577E-04 -0.771824E-05  0.267372E-04  0.388394E-04
   20:  0.456823E-04  0.316367E-04  0.114622E-04 -0.308128E-04 -0.339398E-04
   21:  0.221735E-04  0.263540E-04  0.356864E-05 -0.123860E-04 -0.212890E-04
   22: -0.146453E-04 -0.123565E-04 -0.358933E-05  0.903876E-05  0.116868E-04
   23: -0.109496E-04 -0.131229E-04 -0.256192E-05  0.534614E-05  0.988857E-05
   24:  0.403415E-05  0.401458E-05  0.926482E-06 -0.230314E-05 -0.345415E-05
   25:  0.496445E-05  0.576925E-05  0.156477E-05 -0.206991E-05 -0.408908E-05
   26: -0.866006E-06 -0.961603E-06 -0.153825E-06  0.502920E-06  0.814727E-06
   27: -0.205123E-05 -0.233941E-05 -0.791203E-06  0.709355E-06  0.154029E-05
   28:  0.674144E-07  0.841596E-07 -0.349477E-07 -0.893432E-07 -0.115202E-06
   29:  0.778149E-06  0.885368E-06  0.346818E-06 -0.213913E-06 -0.534176E-06
   30:  0.678322E-07  0.780077E-07  0.551097E-07  0.121341E-07 -0.182638E-07
   31: -0.273099E-06 -0.313124E-06 -0.135970E-06  0.561100E-07  0.171338E-06
   32: -0.554520E-07 -0.657814E-07 -0.373382E-07 -0.216925E-08  0.229609E-07
   33:  0.889987E-07  0.103234E-06  0.484109E-07 -0.124216E-07 -0.509056E-07
   34:  0.290875E-07  0.349607E-07  0.195968E-07  0.155959E-08 -0.116980E-07
   35: -0.268913E-07 -0.315628E-07 -0.157079E-07  0.214748E-08  0.140074E-07
   36: -0.126881E-07 -0.153907E-07 -0.886397E-08 -0.121621E-08  0.456617E-08
   37:  0.747144E-08  0.885720E-08  0.461041E-08 -0.224466E-09 -0.356702E-08
   38:  0.493317E-08  0.603293E-08  0.360129E-08  0.721018E-09 -0.151867E-08
   39: -0.187065E-08 -0.223244E-08 -0.119498E-08 -0.489511E-11  0.841145E-09
   40: -0.176027E-08 -0.216959E-08 -0.134249E-08 -0.349253E-09  0.444729E-09
   41:  0.401782E-09  0.479665E-09  0.256004E-09 -0.917318E-12 -0.185083E-09
   42:  0.585155E-09  0.726665E-09  0.464923E-09  0.146266E-09 -0.115353E-09
   43: -0.631354E-10 -0.738267E-10 -0.349032E-10  0.902531E-11  0.391410E-10
   44: -0.182742E-09 -0.228554E-09 -0.150709E-09 -0.547142E-10  0.261099E-10
   45:  0.676377E-12 -0.529904E-12 -0.408542E-11 -0.746898E-11 -0.860515E-11
   46:  0.538603E-10  0.678095E-10  0.459301E-10  0.186291E-10 -0.489975E-11
   47:  0.502168E-11  0.673811E-11  0.569008E-11  0.409587E-11  0.222670E-11
   48: -0.150132E-10 -0.190138E-10 -0.131856E-10 -0.583522E-11  0.635702E-12
   49: -0.285134E-11 -0.373465E-11 -0.292630E-11 -0.182573E-11 -0.714214E-12
   50:  0.395525E-11  0.503631E-11  0.356441E-11  0.168979E-11  0.799041E-14
   51:  0.115962E-11  0.151286E-11  0.117070E-11  0.711547E-12  0.258936E-12
   52: -0.983023E-12 -0.125648E-11 -0.904376E-12 -0.452276E-12 -0.399225E-13
   53: -0.405316E-12 -0.528779E-12 -0.409942E-12 -0.251178E-12 -0.947373E-13
   54:  0.227523E-12  0.293003E-12  0.213827E-12  0.111104E-12  0.164012E-13
   55:  0.127509E-12  0.167724E-12  0.131173E-12  0.818426E-13  0.332275E-13
   56: -0.498386E-13 -0.632044E-13 -0.463035E-13 -0.246801E-13 -0.431046E-14
   57: -0.384050E-13 -0.499093E-13 -0.392337E-13 -0.251379E-13 -0.108848E-13
   58:  0.879505E-14  0.121550E-13  0.895741E-14  0.471113E-14  0.876849E-15
   59:  0.112263E-13  0.144817E-13  0.117382E-13  0.768260E-14  0.359559E-14
   60: -0.157166E-14 -0.175034E-14 -0.126768E-14 -0.639191E-15 -0.393023E-16
   61: -0.273436E-14 -0.729603E-14 -0.584564E-14 -0.391066E-14 -0.198469E-14
   62:      0.            0.            0.            0.            0.      
 
  Col          6             7             8             9            10      
  Row
 
    1:  0.612794E-02  0.964564E-02 -0.707564E-02 -0.100584E-02  0.234647E-02
    2: -0.653525E-02  0.864304E-03 -0.144839E-03 -0.597627E-03  0.685813E-03
    3:  0.162627E-02  0.806535E-02  0.330205E-02 -0.149230E-02 -0.178167E-02
    4:  0.715733E-02 -0.912065E-03 -0.770281E-03  0.118588E-02 -0.582535E-03
    5: -0.882813E-02 -0.205648E-02  0.174441E-02 -0.115606E-02  0.454547E-03
    6: -0.289115E-02 -0.698645E-03 -0.351165E-03 -0.865993E-03  0.578665E-03
    7:  0.349447E-02  0.318839E-03  0.300443E-03  0.113895E-02 -0.533613E-03
    8: -0.172673E-03  0.146045E-02  0.882010E-03  0.435413E-03 -0.392173E-03
    9: -0.590023E-03 -0.441631E-03 -0.474128E-03 -0.365323E-03  0.246485E-03
   10:  0.655463E-03 -0.107145E-02 -0.700436E-03 -0.295414E-03  0.182935E-03
   11: -0.948689E-04  0.281556E-03  0.143415E-03  0.944685E-04 -0.470762E-04
   12: -0.446578E-03  0.487694E-03  0.452425E-03  0.236028E-03 -0.596488E-04
   13:  0.641632E-04 -0.979963E-04  0.408026E-05 -0.119307E-04  0.254018E-05
   14:  0.237262E-03 -0.168475E-03 -0.251607E-03 -0.153721E-03  0.559440E-05
   15:  0.920919E-05  0.193047E-04 -0.339027E-04 -0.192449E-04 -0.353673E-05
   16: -0.117472E-03  0.466866E-04  0.117383E-03  0.818019E-04  0.101888E-04
   17: -0.281327E-04 -0.207580E-05  0.272834E-04  0.231917E-04  0.684461E-05
   18:  0.540867E-04 -0.930784E-05 -0.463458E-04 -0.372331E-04 -0.961751E-05
   19:  0.230768E-04  0.172746E-05 -0.154774E-04 -0.163531E-04 -0.656474E-05
   20: -0.222402E-04  0.365146E-06  0.157758E-04  0.147350E-04  0.541941E-05
   21: -0.140938E-04 -0.236383E-05  0.710712E-05  0.895808E-05  0.453021E-05
   22:  0.795539E-05  0.754261E-06 -0.468141E-05 -0.505590E-05 -0.229890E-05
   23:  0.729185E-05  0.192115E-05 -0.273028E-05 -0.414653E-05 -0.252899E-05
   24: -0.239397E-05 -0.401061E-06  0.121851E-05  0.147887E-05  0.761799E-06
   25: -0.332955E-05 -0.116194E-05  0.875560E-06  0.168246E-05  0.120426E-05
   26:  0.545960E-06  0.916129E-07 -0.285451E-06 -0.352372E-06 -0.182713E-06
   27:  0.136872E-05  0.581436E-06 -0.224248E-06 -0.609345E-06 -0.503847E-06
   28: -0.482039E-07  0.225861E-07  0.680857E-07  0.589495E-07  0.166459E-07
   29: -0.512780E-06 -0.252824E-06  0.379288E-07  0.198744E-06  0.188605E-06
   30: -0.392194E-07 -0.375141E-07 -0.218634E-07 -0.146204E-08  0.129471E-07
   31:  0.176440E-06  0.979401E-07  0.148263E-08 -0.585718E-07 -0.638901E-07
   32:  0.321690E-07  0.251573E-07  0.101394E-07 -0.364026E-08 -0.103190E-07
   33: -0.559931E-07 -0.342387E-07 -0.470438E-08  0.155908E-07  0.197238E-07
   34: -0.162825E-07 -0.127572E-07 -0.518182E-08  0.167440E-08  0.494905E-08
   35:  0.164016E-07  0.108576E-07  0.250093E-08 -0.374013E-08 -0.557200E-08
   36:  0.673682E-08  0.550238E-08  0.246608E-08 -0.411008E-09 -0.189734E-08
   37: -0.442125E-08 -0.311748E-08 -0.935430E-09  0.810353E-09  0.144428E-08
   38: -0.245193E-08 -0.211337E-08 -0.105536E-08  0.153462E-10  0.623931E-09
   39:  0.108763E-08  0.801180E-09  0.277565E-09 -0.163159E-09 -0.344752E-09
   40:  0.809342E-09  0.739834E-09  0.408091E-09  0.458035E-10 -0.180194E-09
   41: -0.239884E-09 -0.178661E-09 -0.640620E-10  0.342243E-10  0.765961E-10
   42: -0.246063E-09 -0.239273E-09 -0.144163E-09 -0.311062E-10  0.457892E-10
   43:  0.456307E-10  0.316172E-10  0.899837E-11 -0.932079E-11 -0.163480E-10
   44:  0.695000E-10  0.720969E-10  0.469776E-10  0.141493E-10 -0.100390E-10
   45: -0.674018E-11 -0.285348E-11  0.112550E-11  0.347694E-11  0.361140E-11
   46: -0.183263E-10 -0.203501E-10 -0.142229E-10 -0.530233E-11  0.178021E-11
   47:  0.445224E-12 -0.876597E-12 -0.150715E-11 -0.144613E-11 -0.920899E-12
   48:  0.452417E-11  0.539930E-11  0.402053E-11  0.174338E-11 -0.197128E-12
   49:  0.158834E-12  0.650061E-12  0.753418E-12  0.576982E-12  0.283090E-12
   50: -0.104767E-11 -0.134949E-11 -0.106433E-11 -0.516731E-12 -0.168929E-13
   51: -0.836644E-13 -0.264193E-12 -0.289788E-12 -0.211654E-12 -0.966287E-13
   52:  0.228239E-12  0.318076E-12  0.264268E-12  0.139912E-12  0.177454E-13
   53:  0.236012E-13  0.864342E-13  0.966481E-13  0.713921E-13  0.325844E-13
   54: -0.471003E-13 -0.708141E-13 -0.616005E-13 -0.349447E-13 -0.589823E-14
   55: -0.423632E-14 -0.248296E-13 -0.293049E-13 -0.225370E-13 -0.982405E-14
   56:  0.936972E-14  0.148439E-13  0.135170E-13  0.817406E-14  0.102917E-14
   57:  0.568461E-16  0.640883E-14  0.845288E-14  0.703354E-14  0.201534E-14
   58: -0.183410E-14 -0.298248E-14 -0.278966E-14 -0.189354E-14  0.170799E-15
   59:  0.417818E-15 -0.154022E-14 -0.261223E-14 -0.254100E-14  0.341204E-15
   60:  0.285125E-15  0.486156E-15  0.449974E-15  0.389290E-15 -0.909002E-16
   61: -0.343455E-15  0.562430E-15  0.163882E-14  0.168444E-14 -0.673308E-15
   62:      0.            0.            0.            0.            0.      
 
  Col         11            12            13            14            15      
  Row
 
    1:  0.587859E-03 -0.172922E-03 -0.368643E-03 -0.268181E-03  0.393035E-04
    2:  0.228224E-03 -0.173492E-03 -0.750260E-04 -0.197038E-04  0.466324E-05
    3: -0.907272E-03  0.100706E-03  0.603578E-03  0.342947E-03 -0.698223E-04
    4: -0.621487E-03  0.104299E-03  0.223226E-03  0.109341E-03 -0.145210E-04
    5:  0.117191E-02  0.602740E-04 -0.461348E-03 -0.281058E-03  0.146727E-04
    6:  0.767074E-03  0.326552E-04 -0.285103E-03 -0.187079E-03  0.106614E-05
    7: -0.808051E-03 -0.844142E-04  0.257754E-03  0.201217E-03  0.213487E-04
    8: -0.643814E-03 -0.142156E-03  0.213848E-03  0.193870E-03  0.355836E-04
    9:  0.348873E-03  0.754093E-04 -0.994609E-04 -0.101147E-03 -0.261410E-04
   10:  0.429028E-03  0.166163E-03 -0.101439E-03 -0.142941E-03 -0.560758E-04
   11: -0.115886E-03 -0.370564E-04  0.264106E-04  0.332097E-04  0.138016E-04
   12: -0.236773E-03 -0.133212E-03  0.243745E-04  0.820317E-04  0.500788E-04
   13:  0.228313E-04  0.300001E-05 -0.675703E-05 -0.466231E-05 -0.133814E-05
   14:  0.109648E-03  0.829391E-04  0.612067E-05 -0.372638E-04 -0.319520E-04
   15:  0.443376E-05  0.107151E-04  0.529615E-05 -0.197774E-05 -0.393939E-05
   16: -0.428867E-04 -0.421629E-04 -0.107869E-04  0.132068E-04  0.159800E-04
   17: -0.643793E-05 -0.108652E-04 -0.553926E-05  0.135012E-05  0.390225E-05
   18:  0.141023E-04  0.180236E-04  0.730670E-05 -0.342213E-05 -0.654855E-05
   19:  0.311274E-05  0.686792E-05  0.432488E-05 -0.405787E-07 -0.227604E-05
   20: -0.381161E-05 -0.658915E-05 -0.355716E-05  0.475636E-06  0.224242E-05
   21: -0.772142E-06 -0.336567E-05 -0.261915E-05 -0.465587E-06  0.968728E-06
   22:  0.809504E-06  0.207587E-05  0.137784E-05  0.835748E-07 -0.648205E-06
   23: -0.969312E-07  0.135787E-05  0.130683E-05  0.432813E-06 -0.305895E-06
   24: -0.132555E-06 -0.566043E-06 -0.433443E-06 -0.762057E-07  0.161998E-06
   25:  0.233108E-06 -0.457695E-06 -0.557640E-06 -0.260486E-06  0.603491E-07
   26:  0.295180E-07  0.136293E-06  0.107587E-06  0.212283E-07 -0.389295E-07
   27: -0.160041E-06  0.126389E-06  0.207948E-06  0.124279E-06  0.350959E-08
   28: -0.206704E-07 -0.319752E-07 -0.183738E-07  0.150959E-08  0.118297E-07
   29:  0.797477E-07 -0.260515E-07 -0.685669E-07 -0.503014E-07 -0.103018E-07
   30:  0.156725E-07  0.943939E-08  0.587064E-09 -0.492896E-08 -0.521736E-08
   31: -0.329808E-07  0.227362E-08  0.200854E-07  0.178315E-07  0.609153E-08
   32: -0.924540E-08 -0.403869E-08  0.954185E-09  0.316439E-08  0.259340E-08
   33:  0.118720E-07  0.119099E-08 -0.522174E-08 -0.563362E-08 -0.257721E-08
   34:  0.445754E-08  0.198639E-08 -0.367320E-09 -0.142055E-08 -0.119433E-08
   35: -0.379929E-08 -0.842563E-09  0.119808E-08  0.160313E-08  0.899985E-09
   36: -0.184629E-08 -0.922701E-09  0.339318E-10  0.515815E-09  0.486450E-09
   37:  0.109047E-08  0.339812E-09 -0.241379E-09 -0.414280E-09 -0.271906E-09
   38:  0.677592E-09  0.384661E-09  0.404230E-10 -0.158053E-09 -0.175600E-09
   39: -0.280816E-09 -0.105022E-09  0.436640E-10  0.983205E-10  0.725114E-10
   40: -0.224544E-09 -0.144016E-09 -0.323864E-10  0.409703E-10  0.567306E-10
   41:  0.643545E-10  0.258128E-10 -0.823663E-11 -0.219598E-10 -0.172598E-10
   42:  0.679782E-10  0.489313E-10  0.159458E-10 -0.861963E-11 -0.165350E-10
   43: -0.128569E-10 -0.463049E-11  0.227229E-11  0.486637E-11  0.371797E-11
   44: -0.189330E-10 -0.152367E-10 -0.630176E-11  0.121768E-11  0.436491E-11
   45:  0.214167E-11  0.285709E-12 -0.931173E-12 -0.116256E-11 -0.732495E-12
   46:  0.486945E-11  0.437791E-11  0.215657E-11  0.577807E-13 -0.101466E-11
   47: -0.268427E-12  0.220042E-12  0.407268E-12  0.325473E-12  0.128601E-12
   48: -0.115895E-11 -0.116253E-11 -0.652492E-12 -0.140178E-12  0.139313E-12
   49:  0.188482E-13 -0.131931E-12 -0.160329E-12 -0.110150E-12 -0.371693E-13
   50:  0.256708E-12  0.283373E-12  0.166936E-12  0.732270E-13  0.805479E-13
   51: -0.498200E-15  0.475648E-13  0.510753E-13  0.422180E-13  0.468430E-13
   52: -0.547845E-13 -0.611623E-13 -0.246998E-13 -0.247718E-13 -0.122350E-12
   53:  0.419065E-16 -0.115052E-13 -0.353364E-14 -0.139441E-13 -0.807923E-13
   54:  0.134868E-13  0.109567E-13 -0.129230E-13 -0.392951E-14  0.115439E-12
   55:  0.198148E-14  0.101602E-14 -0.178294E-13 -0.951928E-14  0.106719E-12
   56: -0.491508E-14 -0.164281E-14  0.165324E-13  0.157764E-13 -0.794774E-13
   57: -0.411906E-14  0.942925E-15  0.276790E-13  0.262541E-13 -0.117670E-12
   58:  0.260986E-14  0.253502E-15 -0.124622E-13 -0.137586E-13  0.491791E-13
   59:  0.562519E-14 -0.208837E-15 -0.327118E-13 -0.403269E-13  0.123995E-12
   60: -0.698611E-15 -0.342187E-15  0.391397E-14  0.652581E-14 -0.133222E-13
   61: -0.616175E-14  0.208861E-15  0.334493E-13  0.440142E-13 -0.121359E-12
   62:      0.            0.            0.            0.            0.      
 
  Col         16            17            18            19            20      
  Row
 
    1:  0.151299E-03  0.613712E-04 -0.279873E-04 -0.381390E-04 -0.911213E-05
    2:  0.249237E-04  0.120972E-04 -0.553253E-05 -0.722694E-05 -0.137082E-05
    3: -0.188948E-03 -0.802381E-04  0.322869E-04  0.495657E-04  0.133643E-04
    4: -0.668716E-04 -0.328784E-04  0.109031E-04  0.187582E-04  0.541826E-05
    5:  0.138076E-03  0.767047E-04 -0.165463E-04 -0.399463E-04 -0.139634E-04
    6:  0.868621E-04  0.511434E-04 -0.847917E-05 -0.250671E-04 -0.962030E-05
    7: -0.806410E-04 -0.580558E-04  0.162423E-05  0.246767E-04  0.124101E-04
    8: -0.671257E-04 -0.593517E-04 -0.445125E-05  0.229080E-04  0.137156E-04
    9:  0.304368E-04  0.318457E-04  0.542771E-05 -0.105608E-04 -0.793441E-05
   10:  0.310726E-04  0.482603E-04  0.148789E-04 -0.129009E-04 -0.133271E-04
   11: -0.676268E-05 -0.115701E-04 -0.380515E-05  0.290881E-05  0.312755E-05
   12: -0.554915E-05 -0.286335E-04 -0.154697E-04  0.358956E-05  0.877273E-05
   13:  0.174391E-05  0.198765E-05  0.184497E-06 -0.817649E-06 -0.469523E-06
   14: -0.452167E-05  0.126751E-04  0.104772E-04  0.849162E-06 -0.409484E-05
   15: -0.218677E-05  0.342526E-06  0.141920E-05  0.806494E-06 -0.160087E-06
   16:  0.534202E-05 -0.406925E-05 -0.532286E-05 -0.164178E-05  0.132774E-05
   17:  0.241733E-05 -0.116812E-06 -0.128870E-05 -0.850492E-06  0.259356E-07
   18: -0.332876E-05  0.779255E-06  0.213879E-05  0.110330E-05 -0.232887E-06
   19: -0.181419E-05 -0.273205E-06  0.683100E-06  0.622911E-06  0.117968E-06
   20:  0.153317E-05  0.531995E-07 -0.694196E-06 -0.514802E-06 -0.368298E-07
   21:  0.103289E-05  0.337871E-06 -0.243288E-06 -0.340125E-06 -0.131389E-06
   22: -0.565755E-06 -0.117661E-06  0.183522E-06  0.187970E-06  0.480537E-07
   23: -0.476081E-06 -0.233994E-06  0.472462E-07  0.146346E-06  0.857820E-07
   24:  0.172025E-06  0.553402E-07 -0.409226E-07 -0.564067E-07 -0.216016E-07
   25:  0.183421E-06  0.121647E-06  0.874761E-08 -0.505464E-07 -0.420507E-07
   26: -0.436880E-07 -0.155116E-07  0.947493E-08  0.146727E-07  0.632790E-08
   27: -0.596930E-07 -0.519141E-07 -0.135873E-07  0.136654E-07  0.167457E-07
   28:  0.967803E-08  0.191374E-08 -0.348583E-08 -0.378204E-08 -0.122181E-08
   29:  0.162258E-07  0.189266E-07  0.791151E-08 -0.250749E-08 -0.559571E-08
   30: -0.228701E-08  0.691852E-09  0.182149E-08  0.122531E-08  0.119800E-09
   31: -0.349400E-08 -0.601381E-08 -0.339570E-08  0.344014E-10  0.158405E-08
   32:  0.825891E-09 -0.556232E-09 -0.912079E-09 -0.525086E-09 -0.934835E-11
   33:  0.481279E-09  0.168172E-08  0.120821E-08  0.218859E-09 -0.375983E-09
   34: -0.413838E-09  0.209937E-09  0.389438E-09  0.240433E-09  0.228152E-10
   35:  0.257400E-10 -0.415648E-09 -0.372509E-09 -0.120154E-09  0.716638E-10
   36:  0.205136E-09 -0.477333E-10 -0.141199E-09 -0.101542E-09 -0.218578E-10
   37: -0.457270E-10  0.912385E-10  0.101854E-09  0.443862E-10 -0.952077E-11
   38: -0.897814E-10  0.137023E-11  0.438170E-10  0.380274E-10  0.126717E-10
   39:  0.188936E-10 -0.182366E-10 -0.251963E-10 -0.130243E-10  0.586576E-12
   40:  0.345232E-10  0.509670E-11 -0.116532E-10 -0.126208E-10 -0.529653E-11
   41: -0.533870E-11  0.369512E-11  0.597779E-11  0.307460E-11 -0.816996E-12
   42: -0.118606E-10 -0.325992E-11  0.273714E-11  0.390407E-11  0.128744E-11
   43:  0.115591E-11 -0.906551E-12 -0.172376E-11 -0.899821E-12  0.154908E-11
   44:  0.375175E-11  0.147207E-11 -0.777678E-12 -0.171987E-11  0.197731E-12
   45: -0.211909E-12  0.171998E-12  0.669369E-12  0.960913E-12 -0.751987E-12
   46: -0.117309E-11 -0.770119E-12  0.357547E-12  0.189386E-11  0.607394E-12
   47:  0.122150E-13  0.360452E-13 -0.106025E-12 -0.719568E-12 -0.647816E-12
   48:  0.369302E-12  0.674044E-12  0.149366E-12 -0.233310E-11 -0.336445E-11
   49:  0.240494E-13  0.504730E-13  0.771496E-15 -0.848806E-13  0.772714E-13
   50: -0.467335E-13 -0.635769E-12 -0.821371E-12  0.187760E-11  0.610932E-11
   51:  0.114111E-13 -0.171862E-12 -0.304627E-12  0.416881E-12  0.197033E-11
   52: -0.105479E-12  0.507698E-12  0.123272E-11 -0.853716E-12 -0.696852E-11
   53: -0.844527E-13  0.276400E-12  0.769936E-12 -0.321327E-12 -0.404167E-11
   54:  0.185676E-12 -0.350274E-12 -0.137038E-11 -0.561938E-13  0.643391E-11
   55:  0.202439E-12 -0.282555E-12 -0.137007E-11 -0.346198E-12  0.611559E-11
   56: -0.192001E-12  0.161866E-12  0.118273E-11  0.716563E-12 -0.481610E-11
   57: -0.294039E-12  0.212988E-12  0.175341E-11  0.125305E-11 -0.686561E-11
   58:  0.134517E-12 -0.719817E-13 -0.759755E-12 -0.656912E-12  0.278291E-11
   59:  0.370329E-12 -0.157926E-12 -0.205506E-11 -0.186571E-11  0.746003E-11
   60: -0.533651E-13  0.546884E-14  0.282600E-12  0.315354E-12 -0.984377E-12
   61: -0.386658E-12  0.113009E-12  0.210116E-11  0.220480E-11 -0.734428E-11
   62:      0.            0.            0.            0.            0.      
 
  Col         21            22            23            24            25      
  Row
 
    1:  0.951795E-05  0.788703E-05  0.368577E-06 -0.249408E-05 -0.121321E-05
    2:  0.185014E-05  0.134754E-05  0.211487E-07 -0.435312E-06 -0.207352E-06
    3: -0.117751E-04 -0.105397E-04 -0.845025E-06  0.319681E-05  0.169663E-05
    4: -0.427986E-05 -0.404911E-05 -0.383442E-06  0.120911E-05  0.651707E-06
    5:  0.800933E-05  0.890329E-05  0.135451E-05 -0.240936E-05 -0.150861E-05
    6:  0.452019E-05  0.569742E-05  0.111608E-05 -0.144402E-05 -0.101991E-05
    7: -0.312913E-05 -0.617684E-05 -0.180925E-05  0.133486E-05  0.120342E-05
    8: -0.202026E-05 -0.608323E-05 -0.212145E-05  0.114948E-05  0.122122E-05
    9:  0.170360E-07  0.301778E-05  0.146902E-05 -0.381245E-06 -0.686324E-06
   10: -0.173292E-05  0.434521E-05  0.275007E-05 -0.308669E-06 -0.110344E-05
   11:  0.482278E-06 -0.936415E-06 -0.632892E-06  0.270784E-07  0.227644E-06
   12:  0.337560E-05 -0.176654E-05 -0.223624E-05 -0.419212E-06  0.629507E-06
   13:  0.118767E-06  0.241107E-06  0.541652E-07 -0.701926E-07 -0.445416E-07
   14: -0.277216E-05  0.141094E-06  0.120336E-05  0.569243E-06 -0.178499E-06
   15: -0.475489E-06 -0.213967E-06  0.861760E-07  0.140003E-06  0.376364E-07
   16:  0.153276E-05  0.345205E-06 -0.438213E-06 -0.378851E-06 -0.265950E-07
   17:  0.403044E-06  0.242450E-06 -0.275204E-07 -0.118814E-06 -0.552497E-07
   18: -0.635121E-06 -0.291709E-06  0.933641E-07  0.172599E-06  0.574695E-07
   19: -0.201988E-06 -0.183826E-06 -0.283355E-07  0.605524E-07  0.471190E-07
   20:  0.204298E-06  0.146250E-06  0.332370E-08 -0.584762E-07 -0.346841E-07
   21:  0.623865E-07  0.999765E-07  0.379641E-07 -0.184800E-07 -0.269227E-07
   22: -0.514491E-07 -0.547364E-07 -0.126571E-07  0.151117E-07  0.140682E-07
   23: -0.492718E-08 -0.413041E-07 -0.254766E-07  0.101008E-08  0.111978E-07
   24:  0.104779E-07  0.165865E-07  0.624090E-08 -0.309647E-08 -0.446254E-08
   25: -0.788820E-08  0.129889E-07  0.123214E-07  0.268884E-08 -0.338326E-08
   26: -0.227352E-08 -0.443912E-08 -0.196388E-08  0.654524E-09  0.124724E-08
   27:  0.632975E-08 -0.280821E-08 -0.470879E-08 -0.201920E-08  0.621249E-09
   28:  0.912606E-09  0.125163E-08  0.468256E-09 -0.244770E-09 -0.372137E-09
   29: -0.312689E-08  0.156738E-09  0.146351E-08  0.953720E-09  0.373482E-10
   30: -0.500413E-09 -0.451692E-09 -0.111508E-09  0.123673E-09  0.138616E-09
   31:  0.121084E-08  0.213865E-09 -0.366356E-09 -0.351366E-09 -0.908648E-10
   32:  0.238743E-09  0.195831E-09  0.448392E-10 -0.527917E-10 -0.584409E-10
   33: -0.394113E-09 -0.136467E-09  0.683290E-10  0.107583E-09  0.481749E-10
   34: -0.911943E-10 -0.837868E-10 -0.256354E-10  0.164617E-10  0.231567E-10
   35:  0.111078E-09  0.551261E-10 -0.561636E-11 -0.275259E-10 -0.193240E-10
   36:  0.275413E-10  0.318689E-10  0.133842E-10 -0.246994E-11 -0.698647E-11
   37: -0.272280E-10 -0.173837E-10 -0.313714E-11  0.338596E-11  0.670182E-11
   38: -0.619510E-11 -0.999928E-11 -0.525481E-11 -0.201298E-11 -0.195729E-11
   39:  0.538523E-11  0.296099E-11  0.211262E-11  0.657430E-11  0.433897E-11
   40:  0.105789E-11  0.157157E-11 -0.700828E-12  0.300546E-11  0.126535E-10
   41: -0.111006E-11  0.306053E-11  0.335681E-11 -0.108780E-10 -0.249554E-10
   42: -0.141763E-11  0.106575E-11  0.776898E-11  0.207723E-11 -0.290758E-10
   43:  0.246228E-11 -0.385655E-11 -0.125146E-10  0.195264E-11  0.474249E-10
   44:  0.403775E-11  0.118601E-11 -0.160024E-10 -0.226641E-10  0.369208E-10
   45: -0.429071E-11 -0.127331E-11  0.158053E-10  0.211391E-10 -0.380271E-10
   46: -0.677510E-11 -0.989914E-11  0.171814E-10  0.610614E-10  0.289805E-11
   47:  0.251445E-11  0.561989E-11 -0.508550E-11 -0.290076E-10 -0.879690E-11
   48:  0.626466E-11  0.221223E-10 -0.403323E-12 -0.936249E-10 -0.111353E-09
   49:  0.483946E-12 -0.181052E-12 -0.230391E-11  0.354451E-13  0.101860E-10
   50: -0.116354E-11 -0.288770E-10 -0.301929E-10  0.871654E-10  0.234149E-09
   51:  0.428709E-12 -0.861457E-11 -0.122036E-10  0.231949E-10  0.786098E-10
   52: -0.485275E-11  0.258637E-10  0.545030E-10 -0.449196E-10 -0.290688E-09
   53: -0.378415E-11  0.135692E-10  0.349621E-10 -0.144622E-10 -0.171837E-09
   54:  0.852512E-11 -0.184902E-10 -0.622853E-10  0.989102E-12  0.271111E-09
   55:  0.932584E-11 -0.161448E-10 -0.621810E-10 -0.906709E-11  0.254326E-09
   56: -0.954312E-11  0.101150E-10  0.561611E-10  0.274139E-10 -0.207947E-09
   57: -0.149850E-10  0.125535E-10  0.851725E-10  0.541867E-10 -0.304091E-09
   58:  0.684010E-11 -0.389393E-11 -0.366574E-10 -0.309380E-10  0.121252E-09
   59:  0.184401E-10 -0.103802E-10 -0.970344E-10 -0.818785E-10  0.314628E-09
   60: -0.267395E-11  0.117586E-11  0.133273E-10  0.120002E-10 -0.411498E-10
   61: -0.201919E-10  0.804873E-11  0.103325E-09  0.983083E-10 -0.326310E-09
   62:      0.            0.            0.            0.            0.      
 
  Col         26            27            28            29            30      
  Row
 
    1:  0.274047E-06  0.487938E-06  0.115426E-06 -0.973724E-07 -0.706940E-07
    2:  0.472714E-07  0.862257E-07  0.212167E-07 -0.175859E-07 -0.129137E-07
    3: -0.299890E-06 -0.655787E-06 -0.172929E-06  0.126421E-06  0.976007E-07
    4: -0.110538E-06 -0.246563E-06 -0.657046E-07  0.463373E-07  0.365669E-07
    5:  0.124101E-06  0.522244E-06  0.175402E-06 -0.852647E-07 -0.839720E-07
    6:  0.292620E-07  0.335487E-06  0.126820E-06 -0.506275E-07 -0.561267E-07
    7:  0.748431E-07 -0.351394E-06 -0.163297E-06  0.413836E-07  0.628739E-07
    8:  0.148578E-06 -0.325936E-06 -0.178463E-06  0.276935E-07  0.631071E-07
    9: -0.176005E-06  0.151101E-06  0.119045E-06  0.168624E-09 -0.360097E-07
   10: -0.369173E-06  0.208205E-06  0.200783E-06  0.144648E-07 -0.544252E-07
   11:  0.953369E-07 -0.306393E-07 -0.440527E-07 -0.962848E-08  0.963931E-08
   12:  0.431036E-06 -0.317998E-07 -0.156323E-06 -0.518059E-07  0.286952E-07
   13:  0.100644E-07  0.177851E-07  0.152618E-08 -0.503336E-08 -0.152533E-08
   14: -0.296048E-06 -0.700527E-07  0.726145E-07  0.537185E-07 -0.224262E-08
   15: -0.384208E-07 -0.331611E-07 -0.664041E-10  0.123013E-07  0.491826E-08
   16:  0.131230E-06  0.729459E-07 -0.137277E-07 -0.315363E-07 -0.860854E-08
   17:  0.183156E-07  0.312447E-07  0.833449E-08 -0.781256E-08 -0.653998E-08
   18: -0.367753E-07 -0.403802E-07 -0.602735E-08  0.117088E-07  0.731634E-08
   19:  0.204752E-08 -0.175156E-07 -0.991287E-08  0.166165E-08  0.445611E-08
   20:  0.398712E-08  0.154491E-07  0.635062E-08 -0.256757E-08 -0.347315E-08
   21: -0.826593E-08  0.601241E-08  0.648342E-08  0.111517E-08 -0.184956E-08
   22:  0.196949E-08 -0.440960E-08 -0.307877E-08  0.824519E-10  0.116375E-08
   23:  0.637054E-08 -0.727097E-09 -0.289612E-08 -0.130440E-08  0.397011E-09
   24: -0.136100E-08  0.100197E-08  0.107681E-08  0.185004E-09 -0.308298E-09
   25: -0.320643E-08 -0.588328E-09  0.910669E-09  0.741500E-09  0.630942E-10
   26:  0.485549E-09 -0.224766E-09 -0.323002E-09 -0.892641E-10  0.774206E-10
   27:  0.122153E-08  0.511561E-09 -0.170866E-09 -0.297065E-09 -0.103746E-09
   28: -0.135291E-09  0.734833E-10  0.101483E-09  0.300576E-10 -0.235860E-10
   29: -0.364615E-09 -0.247923E-09 -0.102829E-10  0.901094E-10  0.574480E-10
   30:  0.423742E-10 -0.308532E-10 -0.382564E-10 -0.121264E-10  0.779744E-11
   31:  0.824914E-10  0.910727E-10  0.260371E-10 -0.202714E-10 -0.257104E-10
   32: -0.195866E-10  0.105743E-10  0.157133E-10  0.772751E-11 -0.175196E-12
   33: -0.106264E-10 -0.282274E-10 -0.175159E-10  0.229660E-12  0.170271E-10
   34:  0.107402E-10 -0.749148E-12 -0.569779E-11 -0.801030E-11 -0.682550E-11
   35: -0.473089E-11  0.698164E-11  0.172674E-10  0.163343E-10 -0.161816E-10
   36: -0.611527E-11 -0.548869E-11 -0.355288E-12  0.146161E-10  0.232945E-10
   37:  0.122899E-10  0.834348E-11 -0.228453E-10 -0.575501E-10 -0.133565E-10
   38:  0.338096E-11  0.161978E-10  0.132954E-10 -0.322444E-10 -0.802724E-10
   39: -0.192086E-10 -0.407088E-10  0.779037E-11  0.133648E-09  0.149862E-09
   40:  0.526820E-11 -0.380367E-10 -0.631478E-10  0.451915E-10  0.250253E-09
   41:  0.867471E-11  0.923277E-10  0.820184E-10 -0.186444E-09 -0.476894E-09
   42: -0.412718E-10  0.551776E-10  0.205005E-09  0.593487E-10 -0.585716E-09
   43:  0.447127E-10 -0.110922E-09 -0.271363E-09  0.411987E-10  0.885403E-09
   44:  0.128442E-09  0.134073E-10 -0.439860E-09 -0.561788E-09  0.797784E-09
   45: -0.117372E-09  0.105485E-10  0.413206E-09  0.413973E-09 -0.864331E-09
   46: -0.235333E-09 -0.288131E-09  0.528192E-09  0.165354E-08  0.129210E-09
   47:  0.105578E-09  0.140454E-09 -0.244135E-09 -0.743223E-09  0.650240E-10
   48:  0.241814E-09  0.728098E-09 -0.458146E-10 -0.275892E-08 -0.315435E-08
   49:  0.292864E-11 -0.433195E-10 -0.279023E-10  0.172277E-09  0.194861E-09
   50: -0.694346E-10 -0.102583E-08 -0.996734E-09  0.269170E-08  0.704895E-08
   51: -0.285542E-11 -0.312332E-09 -0.356315E-09  0.720368E-09  0.213646E-08
   52: -0.178156E-09  0.965268E-09  0.193276E-08 -0.131656E-08 -0.903451E-08
   53: -0.161079E-09  0.513405E-09  0.131379E-08 -0.382705E-09 -0.555997E-08
   54:  0.346926E-09 -0.676907E-09 -0.228238E-08 -0.265337E-09  0.847669E-08
   55:  0.368912E-09 -0.562697E-09 -0.223289E-08 -0.728359E-09  0.772585E-08
   56: -0.386357E-09  0.360315E-09  0.204565E-08  0.124855E-08 -0.634858E-08
   57: -0.624914E-09  0.466882E-09  0.315100E-08  0.221566E-08 -0.933801E-08
   58:  0.292485E-09 -0.128491E-09 -0.136934E-08 -0.127794E-08  0.367177E-08
   59:  0.769701E-09 -0.295994E-09 -0.357299E-08 -0.357240E-08  0.939303E-08
   60: -0.105448E-09  0.291235E-10  0.473964E-09  0.522625E-09 -0.118909E-08
   61: -0.845814E-09  0.266787E-09  0.380600E-08  0.391941E-08 -0.967782E-08
   62:      0.            0.            0.            0.            0.      
 
  Col         31            32            33            34            35      
  Row
 
    1:  0.640776E-09  0.196230E-07  0.684325E-08 -0.277144E-08 -0.269125E-08
    2:  0.234390E-09  0.361043E-08  0.118909E-08 -0.522624E-09 -0.473964E-09
    3:  0.637007E-09 -0.263042E-07 -0.939303E-08  0.357240E-08  0.357299E-08
    4:  0.763063E-09 -0.973148E-08 -0.367177E-08  0.127794E-08  0.136934E-08
    5: -0.747881E-08  0.205548E-07  0.933801E-08 -0.221566E-08 -0.315100E-08
    6: -0.646074E-08  0.131113E-07  0.634858E-08 -0.124855E-08 -0.204565E-08
    7:  0.115810E-07 -0.130430E-07 -0.772585E-08  0.728359E-09  0.223289E-08
    8:  0.156394E-07 -0.119560E-07 -0.847669E-08  0.265337E-09  0.228238E-08
    9: -0.133114E-07  0.551391E-08  0.555997E-08  0.382705E-09 -0.131379E-08
   10: -0.243465E-07  0.660741E-08  0.903451E-08  0.131656E-08 -0.193276E-08
   11:  0.695968E-08 -0.166904E-09 -0.213646E-08 -0.720368E-09  0.356315E-09
   12:  0.262145E-07  0.106329E-08 -0.704895E-08 -0.269170E-08  0.996734E-09
   13:  0.110446E-08  0.593546E-09 -0.194861E-09 -0.172277E-09  0.279023E-10
   14: -0.177634E-07 -0.585914E-08  0.315435E-08  0.275892E-08  0.458146E-10
   15: -0.240458E-08 -0.248667E-08 -0.650240E-10  0.743223E-09  0.244135E-09
   16:  0.689295E-08  0.539335E-08 -0.129210E-09 -0.165354E-08 -0.528192E-09
   17: -0.575148E-11  0.225185E-08  0.864331E-09 -0.413973E-09 -0.413206E-09
   18: -0.866479E-09 -0.276626E-08 -0.797784E-09  0.561788E-09  0.439860E-09
   19:  0.144475E-08 -0.933950E-09 -0.885403E-09 -0.411987E-10  0.271363E-09
   20: -0.660218E-09  0.897231E-09  0.585716E-09 -0.593487E-10 -0.205005E-09
   21: -0.130368E-08  0.513998E-10  0.476894E-09  0.186444E-09 -0.820184E-10
   22:  0.515724E-09 -0.173946E-09 -0.250253E-09 -0.451915E-10  0.631478E-10
   23:  0.680513E-09  0.190503E-09 -0.149862E-09 -0.133648E-09 -0.779036E-11
   24: -0.218169E-09  0.806547E-11  0.802724E-10  0.322444E-10 -0.132954E-10
   25: -0.240524E-09 -0.145934E-09  0.133565E-10  0.575501E-10  0.228453E-10
   26:  0.738021E-10  0.800247E-11 -0.232945E-10 -0.146161E-10  0.355289E-12
   27:  0.535912E-10  0.670932E-10  0.161816E-10 -0.163343E-10 -0.172674E-10
   28: -0.254974E-10 -0.550082E-11  0.682550E-11  0.801030E-11  0.569779E-11
   29: -0.105558E-11 -0.243224E-10 -0.170271E-10 -0.229660E-12  0.175159E-10
   30:  0.107916E-10  0.596711E-11  0.175195E-12 -0.772751E-11 -0.157133E-10
   31: -0.995471E-11  0.995472E-11  0.257104E-10  0.202714E-10 -0.260371E-10
   32: -0.596711E-11 -0.107916E-10 -0.779744E-11  0.121264E-10  0.382564E-10
   33:  0.243224E-10  0.105558E-11 -0.574480E-10 -0.901094E-10  0.102829E-10
   34:  0.550082E-11  0.254974E-10  0.235860E-10 -0.300576E-10 -0.101483E-09
   35: -0.670932E-10 -0.535912E-10  0.103746E-09  0.297065E-09  0.170866E-09
   36: -0.800247E-11 -0.738021E-10 -0.774206E-10  0.892641E-10  0.323002E-09
   37:  0.145934E-09  0.240524E-09 -0.630942E-10 -0.741500E-09 -0.910669E-09
   38: -0.806547E-11  0.218169E-09  0.308298E-09 -0.185004E-09 -0.107681E-08
   39: -0.190503E-09 -0.680513E-09 -0.397011E-09  0.130440E-08  0.289612E-08
   40:  0.173946E-09 -0.515724E-09 -0.116375E-08 -0.824519E-10  0.307877E-08
   41: -0.513998E-10  0.130368E-08  0.184956E-08 -0.111517E-08 -0.648342E-08
   42: -0.897231E-09  0.660218E-09  0.347315E-08  0.256757E-08 -0.635062E-08
   43:  0.933950E-09 -0.144475E-08 -0.445611E-08 -0.166165E-08  0.991287E-08
   44:  0.276626E-08  0.866479E-09 -0.731634E-08 -0.117088E-07  0.602735E-08
   45: -0.225185E-08  0.575148E-11  0.653998E-08  0.781256E-08 -0.833449E-08
   46: -0.539335E-08 -0.689295E-08  0.860854E-08  0.315363E-07  0.137277E-07
   47:  0.248667E-08  0.240458E-08 -0.491826E-08 -0.123013E-07  0.664041E-10
   48:  0.585914E-08  0.177634E-07  0.224262E-08 -0.537185E-07 -0.726145E-07
   49: -0.593546E-09 -0.110446E-08  0.152533E-08  0.503336E-08 -0.152618E-08
   50: -0.106329E-08 -0.262145E-07 -0.286952E-07  0.518059E-07  0.156323E-06
   51:  0.166904E-09 -0.695968E-08 -0.963931E-08  0.962848E-08  0.440527E-07
   52: -0.660741E-08  0.243465E-07  0.544252E-07 -0.144648E-07 -0.200783E-06
   53: -0.551391E-08  0.133114E-07  0.360097E-07 -0.168624E-09 -0.119045E-06
   54:  0.119560E-07 -0.156394E-07 -0.631071E-07 -0.276935E-07  0.178463E-06
   55:  0.130430E-07 -0.115810E-07 -0.628739E-07 -0.413836E-07  0.163297E-06
   56: -0.131113E-07  0.646074E-08  0.561267E-07  0.506275E-07 -0.126820E-06
   57: -0.205548E-07  0.747881E-08  0.839720E-07  0.852647E-07 -0.175402E-06
   58:  0.973148E-08 -0.763063E-09 -0.365669E-07 -0.463373E-07  0.657046E-07
   59:  0.263042E-07 -0.637007E-09 -0.976007E-07 -0.126421E-06  0.172929E-06
   60: -0.361043E-08 -0.234390E-09  0.129137E-07  0.175859E-07 -0.212167E-07
   61: -0.277510E-07 -0.906193E-09  0.999764E-07  0.137705E-06 -0.163237E-06
   62:      0.            0.            0.            0.            0.      
 
  Col         36            37            38            39            40      
  Row
 
    1: -0.188647E-09  0.598081E-09  0.230736E-09 -0.695140E-10 -0.730618E-10
    2: -0.291233E-10  0.105448E-09  0.411499E-10 -0.120002E-10 -0.133272E-10
    3:  0.295994E-09 -0.769701E-09 -0.314628E-09  0.818785E-10  0.970345E-10
    4:  0.128491E-09 -0.292485E-09 -0.121252E-09  0.309381E-10  0.366573E-10
    5: -0.466882E-09  0.624914E-09  0.304091E-09 -0.541868E-10 -0.851725E-10
    6: -0.360315E-09  0.386357E-09  0.207947E-09 -0.274139E-10 -0.561611E-10
    7:  0.562697E-09 -0.368912E-09 -0.254326E-09  0.906712E-11  0.621810E-10
    8:  0.676907E-09 -0.346926E-09 -0.271111E-09 -0.989103E-12  0.622853E-10
    9: -0.513405E-09  0.161079E-09  0.171837E-09  0.144622E-10 -0.349621E-10
   10: -0.965268E-09  0.178156E-09  0.290688E-09  0.449197E-10 -0.545030E-10
   11:  0.312332E-09  0.285541E-11 -0.786098E-10 -0.231949E-10  0.122036E-10
   12:  0.102583E-08  0.694346E-10 -0.234149E-09 -0.871654E-10  0.301929E-10
   13:  0.433195E-10 -0.292864E-11 -0.101860E-10 -0.354437E-13  0.230390E-11
   14: -0.728098E-09 -0.241814E-09  0.111353E-09  0.936249E-10  0.403321E-12
   15: -0.140454E-09 -0.105578E-09  0.879690E-11  0.290076E-10  0.508550E-11
   16:  0.288131E-09  0.235333E-09 -0.289805E-11 -0.610614E-10 -0.171814E-10
   17: -0.105485E-10  0.117372E-09  0.380271E-10 -0.211391E-10 -0.158053E-10
   18: -0.134073E-10 -0.128442E-09 -0.369208E-10  0.226641E-10  0.160024E-10
   19:  0.110922E-09 -0.447127E-10 -0.474249E-10 -0.195264E-11  0.125146E-10
   20: -0.551776E-10  0.412718E-10  0.290758E-10 -0.207723E-11 -0.776898E-11
   21: -0.923277E-10 -0.867471E-11  0.249554E-10  0.108780E-10 -0.335681E-11
   22:  0.380367E-10 -0.526820E-11 -0.126535E-10 -0.300546E-11  0.700829E-12
   23:  0.407088E-10  0.192086E-10 -0.433897E-11 -0.657430E-11 -0.211262E-11
   24: -0.161978E-10 -0.338096E-11  0.195729E-11  0.201298E-11  0.525481E-11
   25: -0.834348E-11 -0.122899E-10 -0.670182E-11 -0.338596E-11  0.313714E-11
   26:  0.548869E-11  0.611528E-11  0.698647E-11  0.246994E-11 -0.133842E-10
   27: -0.698164E-11  0.473089E-11  0.193240E-10  0.275259E-10  0.561636E-11
   28:  0.749148E-12 -0.107402E-10 -0.231567E-10 -0.164617E-10  0.256354E-10
   29:  0.282274E-10  0.106264E-10 -0.481749E-10 -0.107583E-09 -0.683290E-10
   30: -0.105743E-10  0.195866E-10  0.584409E-10  0.527917E-10 -0.448392E-10
   31: -0.910727E-10 -0.824914E-10  0.908648E-10  0.351366E-09  0.366356E-09
   32:  0.308532E-10 -0.423742E-10 -0.138616E-09 -0.123673E-09  0.111508E-09
   33:  0.247923E-09  0.364615E-09 -0.373482E-10 -0.953720E-09 -0.146351E-08
   34: -0.734833E-10  0.135291E-09  0.372137E-09  0.244770E-09 -0.468256E-09
   35: -0.511561E-09 -0.122153E-08 -0.621249E-09  0.201920E-08  0.470879E-08
   36:  0.224766E-09 -0.485549E-09 -0.124724E-08 -0.654524E-09  0.196388E-08
   37:  0.588328E-09  0.320643E-08  0.338326E-08 -0.268884E-08 -0.123214E-07
   38: -0.100197E-08  0.136100E-08  0.446254E-08  0.309647E-08 -0.624090E-08
   39:  0.727097E-09 -0.637054E-08 -0.111978E-07 -0.101008E-08  0.254766E-07
   40:  0.440960E-08 -0.196949E-08 -0.140682E-07 -0.151117E-07  0.126571E-07
   41: -0.601241E-08  0.826593E-08  0.269227E-07  0.184800E-07 -0.379641E-07
   42: -0.154491E-07 -0.398712E-08  0.346841E-07  0.584762E-07 -0.332370E-08
   43:  0.175156E-07 -0.204752E-08 -0.471190E-07 -0.605524E-07  0.283355E-07
   44:  0.403802E-07  0.367753E-07 -0.574695E-07 -0.172599E-06 -0.933641E-07
   45: -0.312447E-07 -0.183156E-07  0.552497E-07  0.118814E-06  0.275204E-07
   46: -0.729459E-07 -0.131230E-06  0.265950E-07  0.378851E-06  0.438213E-06
   47:  0.331611E-07  0.384208E-07 -0.376364E-07 -0.140003E-06 -0.861760E-07
   48:  0.700527E-07  0.296048E-06  0.178499E-06 -0.569243E-06 -0.120336E-05
   49: -0.177851E-07 -0.100644E-07  0.445416E-07  0.701926E-07 -0.541652E-07
   50:  0.317998E-07 -0.431036E-06 -0.629507E-06  0.419212E-06  0.223624E-05
   51:  0.306393E-07 -0.953369E-07 -0.227644E-06 -0.270784E-07  0.632892E-06
   52: -0.208205E-06  0.369173E-06  0.110344E-05  0.308669E-06 -0.275007E-05
   53: -0.151101E-06  0.176005E-06  0.686324E-06  0.381245E-06 -0.146902E-05
   54:  0.325936E-06 -0.148578E-06 -0.122122E-05 -0.114948E-05  0.212145E-05
   55:  0.351394E-06 -0.748431E-07 -0.120342E-05 -0.133486E-05  0.180925E-05
   56: -0.335487E-06 -0.292620E-07  0.101991E-05  0.144402E-05 -0.111608E-05
   57: -0.522244E-06 -0.124101E-06  0.150861E-05  0.240936E-05 -0.135451E-05
   58:  0.246563E-06  0.110538E-06 -0.651707E-06 -0.120911E-05  0.383442E-06
   59:  0.655787E-06  0.299890E-06 -0.169663E-05 -0.319681E-05  0.845025E-06
   60: -0.862257E-07 -0.472714E-07  0.207352E-06  0.435312E-06 -0.211487E-07
   61: -0.690049E-06 -0.387561E-06  0.171574E-05  0.352716E-05 -0.521247E-06
   62:      0.            0.            0.            0.            0.      
 
  Col         41            42            43            44            45      
  Row
 
    1: -0.569097E-11  0.142778E-10  0.519317E-11 -0.155939E-11 -0.148608E-11
    2: -0.117591E-11  0.267400E-11  0.984280E-12 -0.315408E-12 -0.282667E-12
    3:  0.103802E-10 -0.184400E-10 -0.746010E-11  0.186554E-11  0.205490E-11
    4:  0.389399E-11 -0.684013E-11 -0.278288E-11  0.656909E-12  0.759781E-12
    5: -0.125536E-10  0.149850E-10  0.686559E-11 -0.125305E-11 -0.175341E-11
    6: -0.101150E-10  0.954313E-11  0.481610E-11 -0.716544E-12 -0.118273E-11
    7:  0.161448E-10 -0.932585E-11 -0.611559E-11  0.346177E-12  0.137006E-11
    8:  0.184902E-10 -0.852512E-11 -0.643392E-11  0.561782E-13  0.137037E-11
    9: -0.135692E-10  0.378415E-11  0.404168E-11  0.321337E-12 -0.769931E-12
   10: -0.258637E-10  0.485274E-11  0.696853E-11  0.853725E-12 -0.123271E-11
   11:  0.861457E-11 -0.428708E-12 -0.197033E-11 -0.416884E-12  0.304626E-12
   12:  0.288770E-10  0.116354E-11 -0.610932E-11 -0.187761E-11  0.821365E-12
   13:  0.181053E-12 -0.483946E-12 -0.772704E-13  0.848800E-13 -0.769500E-15
   14: -0.221223E-10 -0.626465E-11  0.336446E-11  0.233310E-11 -0.149364E-12
   15: -0.561989E-11 -0.251445E-11  0.647816E-12  0.719567E-12  0.106023E-12
   16:  0.989914E-11  0.677510E-11 -0.607395E-12 -0.189387E-11 -0.357548E-12
   17:  0.127331E-11  0.429071E-11  0.751986E-12 -0.960914E-12 -0.669369E-12
   18: -0.118601E-11 -0.403775E-11 -0.197730E-12  0.171987E-11  0.777677E-12
   19:  0.385655E-11 -0.246228E-11 -0.154908E-11  0.899821E-12  0.172376E-11
   20: -0.106575E-11  0.141763E-11 -0.128744E-11 -0.390407E-11 -0.273714E-11
   21: -0.306053E-11  0.111006E-11  0.816996E-12 -0.307460E-11 -0.597779E-11
   22: -0.157157E-11 -0.105789E-11  0.529653E-11  0.126208E-10  0.116532E-10
   23: -0.296099E-11 -0.538523E-11 -0.586575E-12  0.130243E-10  0.251963E-10
   24:  0.999928E-11  0.619510E-11 -0.126717E-10 -0.380274E-10 -0.438170E-10
   25:  0.173837E-10  0.272280E-10  0.952077E-11 -0.443862E-10 -0.101854E-09
   26: -0.318689E-10 -0.275413E-10  0.218578E-10  0.101542E-09  0.141199E-09
   27: -0.551261E-10 -0.111078E-09 -0.716638E-10  0.120154E-09  0.372509E-09
   28:  0.837868E-10  0.911943E-10 -0.228152E-10 -0.240433E-09 -0.389438E-09
   29:  0.136467E-09  0.394113E-09  0.375983E-09 -0.218859E-09 -0.120821E-08
   30: -0.195831E-09 -0.238743E-09  0.934835E-11  0.525086E-09  0.912079E-09
   31: -0.213865E-09 -0.121084E-08 -0.158405E-08 -0.344014E-10  0.339570E-08
   32:  0.451692E-09  0.500413E-09 -0.119800E-09 -0.122531E-08 -0.182149E-08
   33: -0.156738E-09  0.312689E-08  0.559571E-08  0.250749E-08 -0.791151E-08
   34: -0.125163E-08 -0.912606E-09  0.122181E-08  0.378204E-08  0.348583E-08
   35:  0.280821E-08 -0.632975E-08 -0.167457E-07 -0.136654E-07  0.135873E-07
   36:  0.443912E-08  0.227352E-08 -0.632790E-08 -0.146727E-07 -0.947493E-08
   37: -0.129889E-07  0.788820E-08  0.420507E-07  0.505464E-07 -0.874761E-08
   38: -0.165865E-07 -0.104779E-07  0.216016E-07  0.564067E-07  0.409226E-07
   39:  0.413041E-07  0.492718E-08 -0.857820E-07 -0.146346E-06 -0.472462E-07
   40:  0.547364E-07  0.514491E-07 -0.480537E-07 -0.187970E-06 -0.183522E-06
   41: -0.999765E-07 -0.623865E-07  0.131389E-06  0.340125E-06  0.243288E-06
   42: -0.146250E-06 -0.204298E-06  0.368298E-07  0.514802E-06  0.694196E-06
   43:  0.183826E-06  0.201988E-06 -0.117968E-06 -0.622911E-06 -0.683100E-06
   44:  0.291709E-06  0.635121E-06  0.232887E-06 -0.110330E-05 -0.213879E-05
   45: -0.242450E-06 -0.403044E-06 -0.259356E-07  0.850492E-06  0.128870E-05
   46: -0.345205E-06 -0.153276E-05 -0.132774E-05  0.164178E-05  0.532286E-05
   47:  0.213967E-06  0.475489E-06  0.160087E-06 -0.806494E-06 -0.141920E-05
   48: -0.141094E-06  0.277216E-05  0.409484E-05 -0.849162E-06 -0.104772E-04
   49: -0.241107E-06 -0.118767E-06  0.469523E-06  0.817649E-06 -0.184497E-06
   50:  0.176654E-05 -0.337560E-05 -0.877273E-05 -0.358956E-05  0.154697E-04
   51:  0.936415E-06 -0.482278E-06 -0.312755E-05 -0.290881E-05  0.380515E-05
   52: -0.434521E-05  0.173292E-05  0.133271E-04  0.129009E-04 -0.148789E-04
   53: -0.301778E-05 -0.170360E-07  0.793441E-05  0.105608E-04 -0.542771E-05
   54:  0.608323E-05  0.202026E-05 -0.137156E-04 -0.229080E-04  0.445125E-05
   55:  0.617684E-05  0.312913E-05 -0.124101E-04 -0.246767E-04 -0.162423E-05
   56: -0.569742E-05 -0.452019E-05  0.962030E-05  0.250671E-04  0.847917E-05
   57: -0.890329E-05 -0.800933E-05  0.139634E-04  0.399463E-04  0.165463E-04
   58:  0.404911E-05  0.427986E-05 -0.541826E-05 -0.187582E-04 -0.109031E-04
   59:  0.105397E-04  0.117751E-04 -0.133643E-04 -0.495657E-04 -0.322869E-04
   60: -0.134754E-05 -0.185014E-05  0.137082E-05  0.722694E-05  0.553253E-05
   61: -0.111539E-04 -0.134604E-04  0.128865E-04  0.539367E-04  0.395800E-04
   62:      0.            0.            0.            0.            0.      
 
  Col         46            47            48            49            50      
  Row
 
    1: -0.799880E-13  0.274419E-12  0.862765E-13 -0.304730E-13 -0.241676E-13
    2: -0.531351E-14  0.534653E-13  0.136808E-13 -0.649854E-14 -0.362048E-14
    3:  0.158000E-12 -0.370139E-12 -0.123655E-12  0.404082E-13  0.327601E-13
    4:  0.719310E-13 -0.134475E-12 -0.492868E-13  0.138492E-13  0.123184E-13
    5: -0.212954E-12  0.294005E-12  0.117728E-12 -0.263130E-13 -0.275666E-13
    6: -0.161849E-12  0.191963E-12  0.794907E-13 -0.158252E-13 -0.164711E-13
    7:  0.282542E-12 -0.202391E-12 -0.106727E-12  0.958044E-14  0.177640E-13
    8:  0.350276E-12 -0.185659E-12 -0.115416E-12  0.393730E-14  0.129142E-13
    9: -0.276399E-12  0.844395E-13  0.807888E-13  0.139301E-13  0.355073E-14
   10: -0.507702E-12  0.105474E-12  0.122330E-12  0.247750E-13  0.246938E-13
   11:  0.171863E-12 -0.114098E-13 -0.468390E-13 -0.422180E-13 -0.510738E-13
   12:  0.635771E-12  0.467385E-13 -0.805359E-13 -0.732268E-13 -0.166934E-12
   13: -0.504734E-13 -0.240493E-13  0.371675E-13  0.110151E-12  0.160323E-12
   14: -0.674045E-12 -0.369305E-12 -0.139317E-12  0.140176E-12  0.652491E-12
   15: -0.360443E-13 -0.122149E-13 -0.128601E-12 -0.325472E-12 -0.407266E-12
   16:  0.770118E-12  0.117309E-11  0.101466E-11 -0.577791E-13 -0.215657E-11
   17: -0.171998E-12  0.211910E-12  0.732494E-12  0.116256E-11  0.931173E-12
   18: -0.147207E-11 -0.375176E-11 -0.436491E-11 -0.121768E-11  0.630176E-11
   19:  0.906549E-12 -0.115591E-11 -0.371797E-11 -0.486637E-11 -0.227229E-11
   20:  0.325992E-11  0.118606E-10  0.165350E-10  0.861963E-11 -0.159459E-10
   21: -0.369512E-11  0.533870E-11  0.172598E-10  0.219598E-10  0.823663E-11
   22: -0.509671E-11 -0.345232E-10 -0.567306E-10 -0.409703E-10  0.323864E-10
   23:  0.182366E-10 -0.188936E-10 -0.725114E-10 -0.983205E-10 -0.436640E-10
   24: -0.137023E-11  0.897814E-10  0.175600E-09  0.158053E-09 -0.404230E-10
   25: -0.912385E-10  0.457270E-10  0.271906E-09  0.414280E-09  0.241379E-09
   26:  0.477333E-10 -0.205136E-09 -0.486450E-09 -0.515815E-09 -0.339318E-10
   27:  0.415648E-09 -0.257400E-10 -0.899985E-09 -0.160313E-08 -0.119808E-08
   28: -0.209937E-09  0.413838E-09  0.119433E-08  0.142055E-08  0.367320E-09
   29: -0.168172E-08 -0.481279E-09  0.257721E-08  0.563362E-08  0.522174E-08
   30:  0.556232E-09 -0.825891E-09 -0.259340E-08 -0.316439E-08 -0.954185E-09
   31:  0.601381E-08  0.349400E-08 -0.609153E-08 -0.178315E-07 -0.200854E-07
   32: -0.691852E-09  0.228701E-08  0.521736E-08  0.492896E-08 -0.587064E-09
   33: -0.189266E-07 -0.162258E-07  0.103018E-07  0.503014E-07  0.685669E-07
   34: -0.191374E-08 -0.967803E-08 -0.118297E-07 -0.150959E-08  0.183738E-07
   35:  0.519141E-07  0.596930E-07 -0.350959E-08 -0.124279E-06 -0.207948E-06
   36:  0.155116E-07  0.436880E-07  0.389295E-07 -0.212283E-07 -0.107587E-06
   37: -0.121647E-06 -0.183421E-06 -0.603491E-07  0.260486E-06  0.557640E-06
   38: -0.553402E-07 -0.172025E-06 -0.161998E-06  0.762057E-07  0.433443E-06
   39:  0.233994E-06  0.476081E-06  0.305895E-06 -0.432813E-06 -0.130683E-05
   40:  0.117661E-06  0.565755E-06  0.648205E-06 -0.835748E-07 -0.137784E-05
   41: -0.337871E-06 -0.103289E-05 -0.968728E-06  0.465587E-06  0.261915E-05
   42: -0.531995E-07 -0.153317E-05 -0.224242E-05 -0.475636E-06  0.355716E-05
   43:  0.273205E-06  0.181419E-05  0.227604E-05  0.405787E-07 -0.432488E-05
   44: -0.779255E-06  0.332876E-05  0.654855E-05  0.342213E-05 -0.730670E-05
   45:  0.116812E-06 -0.241733E-05 -0.390225E-05 -0.135012E-05  0.553926E-05
   46:  0.406925E-05 -0.534202E-05 -0.159800E-04 -0.132068E-04  0.107869E-04
   47: -0.342526E-06  0.218677E-05  0.393939E-05  0.197774E-05 -0.529615E-05
   48: -0.126751E-04  0.452167E-05  0.319520E-04  0.372638E-04 -0.612067E-05
   49: -0.198765E-05 -0.174391E-05  0.133814E-05  0.466231E-05  0.675703E-05
   50:  0.286335E-04  0.554915E-05 -0.500788E-04 -0.820317E-04 -0.243745E-04
   51:  0.115701E-04  0.676268E-05 -0.138016E-04 -0.332097E-04 -0.264106E-04
   52: -0.482603E-04 -0.310726E-04  0.560758E-04  0.142941E-03  0.101439E-03
   53: -0.318457E-04 -0.304368E-04  0.261410E-04  0.101147E-03  0.994609E-04
   54:  0.593517E-04  0.671257E-04 -0.355836E-04 -0.193870E-03 -0.213848E-03
   55:  0.580558E-04  0.806410E-04 -0.213487E-04 -0.201217E-03 -0.257754E-03
   56: -0.511434E-04 -0.868621E-04 -0.106614E-05  0.187079E-03  0.285103E-03
   57: -0.767047E-04 -0.138076E-03 -0.146727E-04  0.281058E-03  0.461348E-03
   58:  0.328784E-04  0.668716E-04  0.145210E-04 -0.109341E-03 -0.223226E-03
   59:  0.802381E-04  0.188948E-03  0.698223E-04 -0.342947E-03 -0.603578E-03
   60: -0.120972E-04 -0.249237E-04 -0.466324E-05  0.197038E-04  0.750260E-04
   61: -0.867921E-04 -0.213970E-03 -0.555835E-04  0.379265E-03  0.521340E-03
   62:      0.            0.            0.            0.            0.      
 
  Col         51            52            53            54            55      
  Row
 
    1:  0.456320E-15  0.373350E-14  0.112872E-14 -0.108013E-14 -0.216922E-15
    2:  0.180804E-15  0.980799E-15  0.172126E-16 -0.445675E-16 -0.477532E-15
    3: -0.287477E-16 -0.557868E-14 -0.330884E-15  0.281982E-14  0.269945E-14
    4: -0.114007E-15 -0.276196E-14 -0.490034E-16  0.176087E-14  0.290176E-14
    5: -0.102662E-14  0.423123E-14 -0.210035E-14 -0.695073E-14 -0.852253E-14
    6:  0.160688E-14  0.498316E-14 -0.108450E-14 -0.813418E-14 -0.135710E-13
    7: -0.971425E-15 -0.205549E-14  0.988392E-14  0.225117E-13  0.293883E-13
    8: -0.109780E-13 -0.134992E-13  0.589495E-14  0.349737E-13  0.616200E-13
    9:  0.115029E-13 -0.222609E-16 -0.325988E-13 -0.713890E-13 -0.966623E-13
   10:  0.611848E-13  0.547845E-13 -0.177354E-13 -0.139927E-12 -0.264268E-12
   11: -0.475707E-13  0.494661E-15  0.966267E-13  0.211665E-12  0.289778E-12
   12: -0.283386E-12 -0.256712E-12  0.168874E-13  0.516749E-12  0.106432E-11
   13:  0.131933E-12 -0.188475E-13 -0.283087E-12 -0.576979E-12 -0.753418E-12
   14:  0.116254E-11  0.115896E-11  0.197131E-12 -0.174337E-11 -0.402054E-11
   15: -0.220043E-12  0.268428E-12  0.920892E-12  0.144614E-11  0.150717E-11
   16: -0.437791E-11 -0.486945E-11 -0.178022E-11  0.530235E-11  0.142229E-10
   17: -0.285708E-12 -0.214167E-11 -0.361140E-11 -0.347693E-11 -0.112550E-11
   18:  0.152367E-10  0.189330E-10  0.100390E-10 -0.141493E-10 -0.469776E-10
   19:  0.463049E-11  0.128569E-10  0.163480E-10  0.932079E-11 -0.899837E-11
   20: -0.489313E-10 -0.679782E-10 -0.457892E-10  0.311062E-10  0.144163E-09
   21: -0.258128E-10 -0.643545E-10 -0.765961E-10 -0.342243E-10  0.640620E-10
   22:  0.144016E-09  0.224544E-09  0.180194E-09 -0.458035E-10 -0.408091E-09
   23:  0.105022E-09  0.280816E-09  0.344752E-09  0.163159E-09 -0.277565E-09
   24: -0.384661E-09 -0.677592E-09 -0.623931E-09 -0.153462E-10  0.105536E-08
   25: -0.339812E-09 -0.109047E-08 -0.144428E-08 -0.810353E-09  0.935430E-09
   26:  0.922701E-09  0.184629E-08  0.189734E-08  0.411008E-09 -0.246608E-08
   27:  0.842563E-09  0.379929E-08  0.557200E-08  0.374013E-08 -0.250093E-08
   28: -0.198639E-08 -0.445754E-08 -0.494905E-08 -0.167440E-08  0.518182E-08
   29: -0.119099E-08 -0.118720E-07 -0.197238E-07 -0.155908E-07  0.470438E-08
   30:  0.403869E-08  0.924540E-08  0.103190E-07  0.364026E-08 -0.101394E-07
   31: -0.227362E-08  0.329808E-07  0.638901E-07  0.585718E-07 -0.148263E-08
   32: -0.943939E-08 -0.156725E-07 -0.129471E-07  0.146204E-08  0.218634E-07
   33:  0.260515E-07 -0.797477E-07 -0.188605E-06 -0.198744E-06 -0.379288E-07
   34:  0.319752E-07  0.206704E-07 -0.166459E-07 -0.589495E-07 -0.680857E-07
   35: -0.126389E-06  0.160041E-06  0.503847E-06  0.609345E-06  0.224248E-06
   36: -0.136293E-06 -0.295180E-07  0.182713E-06  0.352372E-06  0.285451E-06
   37:  0.457695E-06 -0.233108E-06 -0.120426E-05 -0.168246E-05 -0.875560E-06
   38:  0.566043E-06  0.132555E-06 -0.761799E-06 -0.147887E-05 -0.121851E-05
   39: -0.135787E-05  0.969312E-07  0.252899E-05  0.414653E-05  0.273028E-05
   40: -0.207587E-05 -0.809504E-06  0.229890E-05  0.505590E-05  0.468141E-05
   41:  0.336567E-05  0.772142E-06 -0.453021E-05 -0.895808E-05 -0.710712E-05
   42:  0.658915E-05  0.381161E-05 -0.541941E-05 -0.147350E-04 -0.157758E-04
   43: -0.686792E-05 -0.311274E-05  0.656474E-05  0.163531E-04  0.154774E-04
   44: -0.180236E-04 -0.141023E-04  0.961751E-05  0.372331E-04  0.463458E-04
   45:  0.108652E-04  0.643793E-05 -0.684461E-05 -0.231917E-04 -0.272834E-04
   46:  0.421629E-04  0.428867E-04 -0.101888E-04 -0.818019E-04 -0.117383E-03
   47: -0.107151E-04 -0.443376E-05  0.353673E-05  0.192449E-04  0.339027E-04
   48: -0.829391E-04 -0.109648E-03 -0.559440E-05  0.153721E-03  0.251607E-03
   49: -0.300001E-05 -0.228313E-04 -0.254018E-05  0.119307E-04 -0.408026E-05
   50:  0.133212E-03  0.236773E-03  0.596488E-04 -0.236028E-03 -0.452425E-03
   51:  0.370564E-04  0.115886E-03  0.470762E-04 -0.944685E-04 -0.143415E-03
   52: -0.166163E-03 -0.429028E-03 -0.182935E-03  0.295414E-03  0.700436E-03
   53: -0.754093E-04 -0.348873E-03 -0.246485E-03  0.365323E-03  0.474128E-03
   54:  0.142156E-03  0.643814E-03  0.392173E-03 -0.435413E-03 -0.882010E-03
   55:  0.844142E-04  0.808051E-03  0.533613E-03 -0.113895E-02 -0.300443E-03
   56: -0.326552E-04 -0.767074E-03 -0.578665E-03  0.865993E-03  0.351165E-03
   57: -0.602740E-04 -0.117191E-02 -0.454547E-03  0.115606E-02 -0.174441E-02
   58: -0.104299E-03  0.621487E-03  0.582535E-03 -0.118588E-02  0.770281E-03
   59: -0.100706E-03  0.907272E-03  0.178167E-02  0.149230E-02 -0.330205E-02
   60:  0.173492E-03 -0.228224E-03 -0.685813E-03  0.597627E-03  0.144839E-03
   61:  0.244549E-03 -0.831358E-03 -0.331841E-02  0.142247E-02  0.100065E-01
   62:      0.            0.            0.            0.            0.      
 
  Col         56            57            58            59            60      
  Row
 
    1: -0.747015E-15  0.585090E-15  0.957784E-15  0.277751E-14  0.424389E-14
    2: -0.229634E-15 -0.409876E-15  0.143819E-15  0.584846E-15  0.124786E-14
    3:  0.167385E-14 -0.543680E-15 -0.364926E-14 -0.772101E-14 -0.116954E-13
    4:  0.282288E-14  0.192892E-14 -0.880752E-15 -0.470601E-14 -0.892003E-14
    5: -0.633537E-14 -0.113279E-15  0.109940E-13  0.250682E-13  0.392404E-13
    6: -0.148433E-13 -0.939808E-14  0.444246E-14  0.246327E-13  0.463481E-13
    7:  0.247476E-13  0.426379E-14 -0.331724E-13 -0.819087E-13 -0.131144E-12
    8:  0.707758E-13  0.470994E-13 -0.163188E-13 -0.111161E-12 -0.213755E-12
    9: -0.864548E-13 -0.235987E-13  0.948111E-13  0.251144E-12  0.409961E-12
   10: -0.318122E-12 -0.228233E-12  0.400111E-13  0.452283E-12  0.904382E-12
   11:  0.264185E-12  0.836882E-13 -0.258946E-12 -0.711528E-12 -0.117064E-11
   12:  0.134948E-11  0.104769E-11 -0.795712E-14 -0.168979E-11 -0.356437E-11
   13: -0.650091E-12 -0.158834E-12  0.714279E-12  0.182574E-11  0.292630E-11
   14: -0.539935E-11 -0.452416E-11 -0.635615E-12  0.583524E-11  0.131856E-10
   15:  0.876536E-12 -0.445221E-12 -0.222655E-11 -0.409598E-11 -0.569002E-11
   16:  0.203500E-10  0.183263E-10  0.489993E-11 -0.186293E-10 -0.459300E-10
   17:  0.285342E-11  0.674019E-11  0.860528E-11  0.746891E-11  0.408551E-11
   18: -0.720970E-10 -0.695000E-10 -0.261098E-10  0.547142E-10  0.150709E-09
   19: -0.316172E-10 -0.456307E-10 -0.391409E-10 -0.902530E-11  0.349032E-10
   20:  0.239273E-09  0.246063E-09  0.115353E-09 -0.146266E-09 -0.464923E-09
   21:  0.178661E-09  0.239884E-09  0.185083E-09  0.917300E-12 -0.256004E-09
   22: -0.739834E-09 -0.809342E-09 -0.444729E-09  0.349253E-09  0.134249E-08
   23: -0.801180E-09 -0.108763E-08 -0.841145E-09  0.489509E-11  0.119498E-08
   24:  0.211337E-08  0.245193E-08  0.151867E-08 -0.721018E-09 -0.360129E-08
   25:  0.311748E-08  0.442125E-08  0.356702E-08  0.224466E-09 -0.461041E-08
   26: -0.550238E-08 -0.673682E-08 -0.456617E-08  0.121621E-08  0.886397E-08
   27: -0.108576E-07 -0.164016E-07 -0.140074E-07 -0.214748E-08  0.157079E-07
   28:  0.127572E-07  0.162825E-07  0.116980E-07 -0.155959E-08 -0.195968E-07
   29:  0.342387E-07  0.559931E-07  0.509056E-07  0.124216E-07 -0.484109E-07
   30: -0.251573E-07 -0.321690E-07 -0.229609E-07  0.216925E-08  0.373382E-07
   31: -0.979401E-07 -0.176440E-06 -0.171338E-06 -0.561100E-07  0.135970E-06
   32:  0.375141E-07  0.392194E-07  0.182638E-07 -0.121341E-07 -0.551097E-07
   33:  0.252824E-06  0.512780E-06  0.534176E-06  0.213913E-06 -0.346818E-06
   34: -0.225861E-07  0.482039E-07  0.115202E-06  0.893432E-07  0.349477E-07
   35: -0.581436E-06 -0.136872E-05 -0.154029E-05 -0.709355E-06  0.791203E-06
   36: -0.916129E-07 -0.545960E-06 -0.814727E-06 -0.502920E-06  0.153825E-06
   37:  0.116194E-05  0.332955E-05  0.408908E-05  0.206991E-05 -0.156477E-05
   38:  0.401061E-06  0.239397E-05  0.345415E-05  0.230314E-05 -0.926482E-06
   39: -0.192115E-05 -0.729185E-05 -0.988857E-05 -0.534614E-05  0.256192E-05
   40: -0.754261E-06 -0.795539E-05 -0.116868E-04 -0.903876E-05  0.358933E-05
   41:  0.236383E-05  0.140938E-04  0.212890E-04  0.123860E-04 -0.356864E-05
   42: -0.365146E-06  0.222402E-04  0.339398E-04  0.308128E-04 -0.114622E-04
   43: -0.172746E-05 -0.230768E-04 -0.388394E-04 -0.267372E-04  0.771824E-05
   44:  0.930784E-05 -0.540867E-04 -0.877202E-04 -0.897303E-04  0.268113E-04
   45:  0.207580E-05  0.281327E-04  0.531636E-04  0.569039E-04 -0.380869E-04
   46: -0.466866E-04  0.117472E-03  0.206636E-03  0.213666E-03 -0.181102E-04
   47: -0.193047E-04 -0.920919E-05 -0.310023E-04 -0.117519E-03  0.172342E-03
   48:  0.168475E-03 -0.237262E-03 -0.442671E-03 -0.387114E-03 -0.193133E-03
   49:  0.979963E-04 -0.641632E-04 -0.926702E-04  0.180524E-03 -0.501270E-03
   50: -0.487694E-03  0.446578E-03  0.834212E-03  0.501226E-03  0.104386E-02
   51: -0.281556E-03  0.948689E-04  0.487909E-03  0.543453E-04  0.616516E-03
   52:  0.107145E-02 -0.655463E-03 -0.144409E-02 -0.613247E-03 -0.250631E-02
   53:  0.441631E-03  0.590023E-03 -0.212245E-02 -0.125839E-02  0.192195E-02
   54: -0.146045E-02  0.172673E-03  0.291310E-02  0.131619E-02  0.111011E-02
   55: -0.318839E-03 -0.349447E-02  0.740795E-02  0.183572E-02 -0.110441E-01
   56:  0.698645E-03  0.289115E-02 -0.584809E-02 -0.249365E-02  0.885082E-02
   57:  0.205648E-02  0.882813E-02 -0.127191E-01  0.249234E-02  0.128900E-01
   58:  0.912065E-03 -0.715733E-02  0.701490E-02  0.384323E-02 -0.233394E-01
   59: -0.806535E-02 -0.162627E-02  0.922823E-02  0.247458E-01  0.132716E-01
   60: -0.864304E-03  0.653525E-02 -0.317130E-02 -0.125344E-01  0.150340E-01
   61: -0.136410E-01 -0.866621E-02  0.525555E-01 -0.559431E-01 -0.638769E-02
   62:      0.            0.            0.            0.            0.      
 
  Col         61            62      
  Row
 
    1:  0.501303E-14      0.      
    2:  0.174708E-14  0.437736E-04
    3: -0.146484E-13      0.      
    4: -0.121736E-13  0.420308E-04
    5:  0.497577E-13      0.      
    6:  0.630396E-13  0.387479E-04
    7: -0.167841E-12      0.      
    8: -0.293141E-12  0.343465E-04
    9:  0.528557E-12      0.      
   10:  0.125641E-11  0.294539E-04
   11: -0.151327E-11      0.      
   12: -0.503647E-11  0.248106E-04
   13:  0.373451E-11      0.      
   14:  0.190134E-10  0.210909E-04
   15: -0.673828E-11      0.      
   16: -0.678094E-10  0.187228E-04
   17:  0.529570E-12      0.      
   18:  0.228554E-09  0.178224E-04
   19:  0.738266E-10      0.      
   20: -0.726665E-09  0.182854E-04
   21: -0.479666E-09      0.      
   22:  0.216959E-08  0.199509E-04
   23:  0.223244E-08      0.      
   24: -0.603293E-08  0.227163E-04
   25: -0.885720E-08      0.      
   26:  0.153907E-07  0.265404E-04
   27:  0.315628E-07      0.      
   28: -0.349607E-07  0.313385E-04
   29: -0.103234E-06      0.      
   30:  0.657814E-07  0.368830E-04
   31:  0.313124E-06      0.      
   32: -0.780077E-07  0.430788E-04
   33: -0.885368E-06      0.      
   34: -0.841596E-07  0.502392E-04
   35:  0.233941E-05      0.      
   36:  0.961603E-06  0.582217E-04
   37: -0.576925E-05      0.      
   38: -0.401458E-05  0.661702E-04
   39:  0.131229E-04      0.      
   40:  0.123565E-04  0.735915E-04
   41: -0.263540E-04      0.      
   42: -0.316367E-04  0.805076E-04
   43:  0.401577E-04      0.      
   44:  0.765368E-04  0.870518E-04
   45: -0.131394E-04      0.      
   46: -0.217579E-03  0.933743E-04
   47: -0.193054E-03      0.      
   48:  0.744285E-03  0.996564E-04
   49:  0.755794E-03      0.      
   50: -0.225951E-02  0.106055E-03
   51: -0.938700E-03      0.      
   52:  0.442306E-02  0.112575E-03
   53: -0.348094E-02      0.      
   54: -0.200442E-02  0.118955E-03
   55:  0.203190E-01      0.      
   56: -0.183663E-01  0.124656E-03
   57: -0.439701E-01      0.      
   58:  0.545031E-01  0.128990E-03
   59: -0.751198E-01      0.      
   60: -0.109387      0.131338E-03
   61:  0.205236          0.      
   62:      0.            0.      
  Wrote F(x,y) at target points in "ellipse_ftg.txt".
  Wrote I(F)(x,y) at target points in "ellipse_itg.txt".

  Estimated error:  0.1465E-08
  Actual error:     0.1769E-09
  Expected error:   0.1769E-09
 
ELLIPSE:
  Normal end of execution.
 
16 February 2014   8:52:37.590 AM
