 6 April 2015   2:24:55.312 PM
 
PCHIP_PRB
  FORTRAN90 version
  Test the PCHIP library.
 
DPCHEV_TEST
  DPCHEV evaluates the interpolant.
 
 -0.1000000000D+01    0.3846153846D-01    0.0000000000D+00   -0.3828750435D-02
 -0.9900000000D+00    0.3918095023D-01   -0.3089175003D-04   -0.2387672443D-02
 -0.9800000000D+00    0.3993548517D-01   -0.4852122901D-04   -0.1176935510D-02
 -0.9700000000D+00    0.4072366516D-01   -0.5521138358D-04   -0.2004830510D-03
 -0.9600000000D+00    0.4154401207D-01   -0.5332570402D-04    0.5375172514D-03
 -0.9500000000D+00    0.4239504776D-01   -0.4527053969D-04    0.1032658723D-02
 -0.9400000000D+00    0.4327529412D-01   -0.3349756706D-04    0.1280279888D-02
 -0.9300000000D+00    0.4418327300D-01   -0.2050642163D-04    0.1275447480D-02
 -0.9200000000D+00    0.4511750628D-01   -0.8847506049D-05    0.1012938179D-02
 -0.9100000000D+00    0.4607651584D-01   -0.1124987686D-05    0.4872189665D-03
 -0.9000000000D+00    0.4705882353D-01    0.0000000000D+00   -0.3075740100D-03
 -0.8900000000D+00    0.4806886029D-01   -0.2285000919D-05   -0.1520108851D-03
 -0.8800000000D+00    0.4911281046D-01   -0.3103098476D-05   -0.1532546803D-04
 -0.8700000000D+00    0.5019182598D-01   -0.2677721452D-05    0.9548217271D-04
 -0.8600000000D+00    0.5130705882D-01   -0.1304439682D-05    0.1729789674D-03
 -0.8500000000D+00    0.5245966095D-01    0.6445542698D-06    0.2092681223D-03
 -0.8400000000D+00    0.5365078431D-01    0.2715644198D-05    0.1959559629D-03
 -0.8300000000D+00    0.5488158088D-01    0.4368644735D-05    0.1241161329D-03
 -0.8200000000D+00    0.5615320261D-01    0.4971283666D-05   -0.1574907890D-04
 -0.8100000000D+00    0.5746680147D-01    0.3793282110D-05   -0.2337505349D-03
 -0.8000000000D+00    0.5882352941D-01    0.0000000000D+00   -0.5406574394D-03
 -0.7900000000D+00    0.6022789822D-01   -0.3994568046D-05   -0.2627181018D-03
 -0.7800000000D+00    0.6168495023D-01   -0.5364385616D-05   -0.1781306579D-04
 -0.7700000000D+00    0.6319663326D-01   -0.4504359216D-05    0.1810037206D-03
 -0.7600000000D+00    0.6476489510D-01   -0.1944278155D-05    0.3197988901D-03
 -0.7500000000D+00    0.6639168355D-01    0.1642059763D-05    0.3836924553D-03
 -0.7400000000D+00    0.6807894642D-01    0.5427022757D-05    0.3567849746D-03
 -0.7300000000D+00    0.6982863151D-01    0.8418561030D-05    0.2220785866D-03
 -0.7200000000D+00    0.7164268662D-01    0.9448800181D-05   -0.3860862763D-04
 -0.7100000000D+00    0.7352305956D-01    0.7161742444D-05   -0.4447355431D-03
 -0.7000000000D+00    0.7547169811D-01    0.0000000000D+00   -0.1017138789D-02
 -0.6900000000D+00    0.7749693628D-01   -0.7423337617D-05   -0.4764416915D-03
 -0.6800000000D+00    0.7960808659D-01   -0.9747802489D-05   -0.1492972557D-05
 -0.6700000000D+00    0.8180856466D-01   -0.7757698069D-05    0.3820430068D-03
 -0.6600000000D+00    0.8410178610D-01   -0.2503223043D-05    0.6466272837D-03
 -0.6500000000D+00    0.8649116652D-01    0.4680033966D-05    0.7626944863D-03
 -0.6400000000D+00    0.8898012155D-01    0.1215001784D-04    0.6984880993D-03
 -0.6300000000D+00    0.9157206679D-01    0.1793541405D-04    0.4198817521D-03
 -0.6200000000D+00    0.9427041787D-01    0.1971099422D-04   -0.1098145809D-03
 -0.6100000000D+00    0.9707859040D-01    0.1477094327D-04   -0.9300646297D-03
 -0.6000000000D+00    0.1000000000D+00    0.0000000000D+00   -0.2083333333D-02
 -0.5900000000D+00    0.1030514128D+00   -0.1480729370D-04   -0.9005248009D-03
 -0.5800000000D+00    0.1062513833D+00   -0.1854233717D-04    0.1226047806D-03
 -0.5700000000D+00    0.1096060100D+00   -0.1306376044D-04    0.9330287360D-03
 -0.5600000000D+00    0.1131213912D+00   -0.7807447501D-06    0.1473609986D-02
 -0.5500000000D+00    0.1168036254D+00    0.1530422847D-04    0.1682768074D-02
 -0.5400000000D+00    0.1206588109D+00    0.3154917820D-04    0.1494121946D-02
 -0.5300000000D+00    0.1246930462D+00    0.4362272832D-04    0.8361078649D-03
 -0.5200000000D+00    0.1289124296D+00    0.4645026580D-04   -0.3684277566D-03
 -0.5100000000D+00    0.1333230596D+00    0.3415590290D-04   -0.2202660292D-02
 -0.5000000000D+00    0.1379310345D+00    0.0000000000D+00   -0.4756242568D-02
 -0.4900000000D+00    0.1427742464D+00   -0.3189423123D-04   -0.1698785596D-02
 -0.4800000000D+00    0.1478933175D+00   -0.3567660365D-04    0.8481385628D-03
 -0.4700000000D+00    0.1532984408D+00   -0.1700568700D-04    0.2772512107D-02
 -0.4600000000D+00    0.1589998098D+00    0.1729782661D-04    0.3953842492D-02
 -0.4500000000D+00    0.1650076174D+00    0.5916381149D-04    0.4262651367D-02
 -0.4400000000D+00    0.1713320571D+00    0.9918036258D-04    0.3559981404D-02
 -0.4300000000D+00    0.1779833219D+00    0.1264966825D-03    0.1696939573D-02
 -0.4200000000D+00    0.1849716052D+00    0.1287216829D-03   -0.1485698602D-02
 -0.4100000000D+00    0.1923071002D+00    0.9181906351D-04   -0.6157791661D-02
 -0.4000000000D+00    0.2000000000D+00    0.0000000000D+00   -0.1250000000D-01
 -0.3900000000D+00    0.2081515311D+00   -0.7335180841D-04   -0.2523778436D-02
 -0.3800000000D+00    0.2168618540D+00   -0.5788565292D-04    0.5229086715D-02
 -0.3700000000D+00    0.2261395636D+00    0.2311363773D-04    0.1054676961D-01
 -0.3600000000D+00    0.2359932544D+00    0.1441978341D-03    0.1320864009D-01
 -0.3500000000D+00    0.2464315212D+00    0.2776750493D-03    0.1298693294D-01
 -0.3400000000D+00    0.2574629586D+00    0.3935498395D-03    0.9649181924D-02
 -0.3300000000D+00    0.2690961612D+00    0.4594923373D-03    0.2961631695D-02
 -0.3200000000D+00    0.2813397239D+00    0.4408474614D-03   -0.7306110738D-02
 -0.3100000000D+00    0.2942022411D+00    0.3006981412D-03   -0.2137486626D-01
 -0.3000000000D+00    0.3076923077D+00    0.0000000000D+00   -0.3944773176D-01
 -0.2900000000D+00    0.3221509800D+00   -0.1697290760D-03    0.3432250653D-02
 -0.2800000000D+00    0.3378648915D+00    0.2705368090D-04    0.3383677637D-01
 -0.2700000000D+00    0.3547610022D+00    0.4651651950D-03    0.5169157409D-01
 -0.2600000000D+00    0.3727662722D+00    0.1019060293D-02    0.5700243168D-01
 -0.2500000000D+00    0.3918076615D+00    0.1563759050D-02    0.4988143937D-01
 -0.2400000000D+00    0.4118121302D+00    0.1976064604D-02    0.3057896583D-01
 -0.2300000000D+00    0.4327066383D+00    0.2136132393D-02   -0.4779252360D-03
 -0.2200000000D+00    0.4544181460D+00    0.1929458174D-02   -0.4264006333D-01
 -0.2100000000D+00    0.4768736132D+00    0.1249356329D-02   -0.9498351925D-01
 -0.2000000000D+00    0.5000000000D+00    0.0000000000D+00   -0.1562500000D+00
 -0.1900000000D+00    0.5252243750D+00   -0.3998037122D-03    0.6389511615D-01
 -0.1800000000D+00    0.5535200000D+00    0.1033812155D-02    0.2108311102D+00
 -0.1700000000D+00    0.5841331250D+00    0.3581601052D-02    0.2872218884D+00
 -0.1600000000D+00    0.6163100000D+00    0.6553902439D-02    0.2963300119D+00
 -0.1500000000D+00    0.6492968750D+00    0.9296875000D-02    0.2420625000D+00
 -0.1400000000D+00    0.6823400000D+00    0.1119906040D-01    0.1289888744D+00
 -0.1300000000D+00    0.7146856250D+00    0.1169792728D-01   -0.3768357040D-01
 -0.1200000000D+00    0.7455800000D+00    0.1028588235D-01   -0.2521946367D+00
 -0.1100000000D+00    0.7742693750D+00    0.6515056382D-02   -0.5083943157D+00
 -0.1000000000D+00    0.8000000000D+00    0.0000000000D+00   -0.8000000000D+00
 -0.9000000000D-01    0.8250400000D+00   -0.6560831601D-02   -0.5200197440D+00
 -0.8000000000D-01    0.8515200000D+00   -0.1054896552D-01   -0.2846516052D+00
 -0.7000000000D-01    0.8784800000D+00   -0.1238859688D-01   -0.8976399919D-01
 -0.6000000000D-01    0.9049600000D+00   -0.1247119266D-01    0.6696002020D-01
 -0.5000000000D-01    0.9300000000D+00   -0.1117647059D-01    0.1854671280D+00
 -0.4000000000D-01    0.9526400000D+00   -0.8898461538D-02    0.2628875740D+00
 -0.3000000000D-01    0.9719200000D+00   -0.6075110024D-02    0.2932883472D+00
 -0.2000000000D-01    0.9868800000D+00   -0.3219009901D-02    0.2677039506D+00
 -0.1000000000D-01    0.9965600000D+00   -0.9462344140D-03    0.1744906562D+00
  0.0000000000D+00    0.1000000000D+01    0.0000000000D+00    0.0000000000D+00

  Reference results:
 -0.3000000000D-01    0.9719200000D+00   -0.6075110024D-02    0.2932883472D+00
 -0.2000000000D-01    0.9868800000D+00   -0.3219009901D-02    0.2677039506D+00
 -0.1000000000D-01    0.9965600000D+00   -0.9462344140D-03    0.1744906562D+00
  0.0000000000D+00    0.1000000000D+01    0.0000000000D+00    0.0000000000D+00
 
DPCHEV_TEST02
  DPCHEV evaluates a piecewise cubic Hermite interpolant.
  Use monotonic data.
  See if interpolant is monotonic.
 
 
  Created graphics data file "test02_data.txt".
 
  Created graphics interp file "test02_interp.txt".
  Created graphics command file "test02_commands.txt".
 
DPCHEV_TEST03
  DPCHEV evaluates a cubic spline interpolant.
  Use monotonic data.
  See if interpolant is monotonic.
 
 
  Created graphics data file "test03_data.txt".
 
  Created graphics interp file "test03_interp.txt".
  Created graphics command file "test03_commands.txt".
 
DPCHQA_TEST
  DPCHQA integrates the interpolant.
 
  Integral from 0 to 1 =   0.274679262702D+00    IERR =     0

  Reference results:

  Integral from 0 to 1 =   0.274679262702D+00    IERR =     0

  Calling built-in check routines:

  DPCHQ1 passed.
  DPCHQ2 passed.
  DPCHQ3 passed.
  DPCHQ4 passed.
  DPCHQ5 passed.
  PCHQK1 passed.
  PCHQK2 passed.
  PCHQK3 passed.
  PCHQK4 passed.
  PCHQK5 passed.
 
PCHIP_PRB
  Normal end of execution.
 
 6 April 2015   2:24:55.339 PM
