     0.00000         0.00000         0.00000    
    0.500000E-01     0.00000        0.267941E-18
    0.100000         0.00000        0.148102E-15
    0.150000         0.00000       -0.143240E-13
    0.200000         0.00000        0.409950E-13
    0.250000         0.00000       -0.356000E-13
    0.300000         0.00000       -0.100669E-12
    0.350000         0.00000       -0.589216E-13
    0.400000         0.00000        0.256392E-13
    0.450000         0.00000        0.655968E-13
    0.500000         0.00000        0.788571E-13
    0.550000         0.00000       -0.140638E-12
    0.600000         0.00000        0.151656E-12
    0.650000         0.00000       -0.123873E-12
    0.700000         0.00000       -0.802275E-12
    0.750000         0.00000       -0.355618E-13
    0.800000         0.00000       -0.266176E-13
    0.850000         0.00000       -0.109981E-13
    0.900000         0.00000       -0.775421E-14
    0.950000         0.00000       -0.763278E-16
     1.00000         0.00000         0.00000    

     0.00000        0.500000E-01   -0.433681E-17
    0.500000E-01    0.500000E-01    0.146828E-02
    0.100000        0.500000E-01    0.319419E-02
    0.150000        0.500000E-01    0.530011E-02
    0.200000        0.500000E-01    0.792596E-02
    0.250000        0.500000E-01    0.112017E-01
    0.300000        0.500000E-01    0.151876E-01
    0.350000        0.500000E-01    0.197948E-01
    0.400000        0.500000E-01    0.247365E-01
    0.450000        0.500000E-01    0.295637E-01
    0.500000        0.500000E-01    0.337704E-01
    0.550000        0.500000E-01    0.369007E-01
    0.600000        0.500000E-01    0.386117E-01
    0.650000        0.500000E-01    0.386952E-01
    0.700000        0.500000E-01    0.370759E-01
    0.750000        0.500000E-01    0.337986E-01
    0.800000        0.500000E-01    0.290092E-01
    0.850000        0.500000E-01    0.229336E-01
    0.900000        0.500000E-01    0.158553E-01
    0.950000        0.500000E-01    0.809593E-02
     1.00000        0.500000E-01   -0.506539E-15

     0.00000        0.100000       -0.440620E-15
    0.500000E-01    0.100000        0.300204E-02
    0.100000        0.100000        0.653032E-02
    0.150000        0.100000        0.108352E-01
    0.200000        0.100000        0.162021E-01
    0.250000        0.100000        0.228951E-01
    0.300000        0.100000        0.310362E-01
    0.350000        0.100000        0.404445E-01
    0.400000        0.100000        0.505393E-01
    0.450000        0.100000        0.604100E-01
    0.500000        0.100000        0.690250E-01
    0.550000        0.100000        0.754471E-01
    0.600000        0.100000        0.789659E-01
    0.650000        0.100000        0.791469E-01
    0.700000        0.100000        0.758328E-01
    0.750000        0.100000        0.691183E-01
    0.800000        0.100000        0.593093E-01
    0.850000        0.100000        0.468749E-01
    0.900000        0.100000        0.323994E-01
    0.950000        0.100000        0.165410E-01
     1.00000        0.100000        0.144815E-13

     0.00000        0.150000        0.133088E-13
    0.500000E-01    0.150000        0.458321E-02
    0.100000        0.150000        0.997559E-02
    0.150000        0.150000        0.165675E-01
    0.200000        0.150000        0.248065E-01
    0.250000        0.150000        0.351127E-01
    0.300000        0.150000        0.476923E-01
    0.350000        0.150000        0.622864E-01
    0.400000        0.150000        0.780115E-01
    0.450000        0.150000        0.934552E-01
    0.500000        0.150000        0.106994    
    0.550000        0.150000        0.117136    
    0.600000        0.150000        0.122736    
    0.650000        0.150000        0.123095    
    0.700000        0.150000        0.117962    
    0.750000        0.150000        0.107499    
    0.800000        0.150000        0.922075E-01
    0.850000        0.150000        0.728415E-01
    0.900000        0.150000        0.503253E-01
    0.950000        0.150000        0.256850E-01
     1.00000        0.150000        0.826422E-14

     0.00000        0.200000        0.495853E-13
    0.500000E-01    0.200000        0.618747E-02
    0.100000        0.200000        0.134840E-01
    0.150000        0.200000        0.224386E-01
    0.200000        0.200000        0.336897E-01
    0.250000        0.200000        0.478543E-01
    0.300000        0.200000        0.652706E-01
    0.350000        0.200000        0.856381E-01
    0.400000        0.200000        0.107765    
    0.450000        0.200000        0.129670    
    0.500000        0.200000        0.149018    
    0.550000        0.200000        0.163622    
    0.600000        0.200000        0.171788    
    0.650000        0.200000        0.172477    
    0.700000        0.200000        0.165335    
    0.750000        0.200000        0.150627    
    0.800000        0.200000        0.129117    
    0.850000        0.200000        0.101919    
    0.900000        0.200000        0.703643E-01
    0.950000        0.200000        0.358944E-01
     1.00000        0.200000       -0.423793E-13

     0.00000        0.250000       -0.424522E-13
    0.500000E-01    0.250000        0.778323E-02
    0.100000        0.250000        0.169937E-01
    0.150000        0.250000        0.283641E-01
    0.200000        0.250000        0.427650E-01
    0.250000        0.250000        0.610725E-01
    0.300000        0.250000        0.838368E-01
    0.350000        0.250000        0.110785    
    0.400000        0.250000        0.140425    
    0.450000        0.250000        0.170114    
    0.500000        0.250000        0.196618    
    0.550000        0.250000        0.216829    
    0.600000        0.250000        0.228306    
    0.650000        0.250000        0.229558    
    0.700000        0.250000        0.220113    
    0.750000        0.250000        0.200415    
    0.800000        0.250000        0.171606    
    0.850000        0.250000        0.135287    
    0.900000        0.250000        0.932945E-01
    0.950000        0.250000        0.475537E-01
     1.00000        0.250000        0.474715E-14

     0.00000        0.300000       -0.147275E-11
    0.500000E-01    0.300000        0.933104E-02
    0.100000        0.300000        0.204248E-01
    0.150000        0.300000        0.342284E-01
    0.200000        0.300000        0.518980E-01
    0.250000        0.300000        0.746561E-01
    0.300000        0.300000        0.103385    
    0.350000        0.300000        0.137957    
    0.400000        0.300000        0.176624    
    0.450000        0.300000        0.215968    
    0.500000        0.300000        0.251585    
    0.550000        0.300000        0.279090    
    0.600000        0.300000        0.294970    
    0.650000        0.300000        0.297101    
    0.700000        0.300000        0.284885    
    0.750000        0.300000        0.259084    
    0.800000        0.300000        0.221434    
    0.850000        0.300000        0.174219    
    0.900000        0.300000        0.119932    
    0.950000        0.300000        0.610575E-01
     1.00000        0.300000       -0.523765E-13

     0.00000        0.350000        0.111994E-13
    0.500000E-01    0.350000        0.107833E-01
    0.100000        0.350000        0.236781E-01
    0.150000        0.350000        0.398803E-01
    0.200000        0.350000        0.608965E-01
    0.250000        0.350000        0.884091E-01
    0.300000        0.350000        0.123803    
    0.350000        0.350000        0.167293    
    0.400000        0.350000        0.216981    
    0.450000        0.350000        0.268569    
    0.500000        0.350000        0.316100    
    0.550000        0.350000        0.353352    
    0.600000        0.350000        0.375209    
    0.650000        0.350000        0.378602    
    0.700000        0.350000        0.362832    
    0.750000        0.350000        0.329254    
    0.800000        0.350000        0.280565    
    0.850000        0.350000        0.220061    
    0.900000        0.350000        0.151091    
    0.950000        0.350000        0.767836E-01
     1.00000        0.350000        0.219082E-12

     0.00000        0.400000        0.154807E-12
    0.500000E-01    0.400000        0.120842E-01
    0.100000        0.400000        0.266340E-01
    0.150000        0.400000        0.451287E-01
    0.200000        0.400000        0.694981E-01
    0.250000        0.400000        0.102025    
    0.300000        0.400000        0.144831    
    0.350000        0.400000        0.198774    
    0.400000        0.400000        0.262051    
    0.450000        0.400000        0.329426    
    0.500000        0.400000        0.392883    
    0.550000        0.400000        0.443485    
    0.600000        0.400000        0.473589    
    0.650000        0.400000        0.478647    
    0.700000        0.400000        0.457950    
    0.750000        0.400000        0.414000    
    0.800000        0.400000        0.351119    
    0.850000        0.400000        0.274122    
    0.900000        0.400000        0.187485    
    0.950000        0.400000        0.950355E-01
     1.00000        0.400000       -0.199408E-12

     0.00000        0.450000       -0.643929E-13
    0.500000E-01    0.450000        0.131712E-01
    0.100000        0.450000        0.291534E-01
    0.150000        0.450000        0.497404E-01
    0.200000        0.450000        0.773593E-01
    0.250000        0.450000        0.115055    
    0.300000        0.450000        0.165990    
    0.350000        0.450000        0.232126    
    0.400000        0.450000        0.312214    
    0.450000        0.450000        0.400198    
    0.500000        0.450000        0.485394    
    0.550000        0.450000        0.554762    
    0.600000        0.450000        0.596464    
    0.650000        0.450000        0.603464    
    0.700000        0.450000        0.575333    
    0.750000        0.450000        0.516867    
    0.800000        0.450000        0.435203    
    0.850000        0.450000        0.337456    
    0.900000        0.450000        0.229541    
    0.950000        0.450000        0.115938    
     1.00000        0.450000        0.760781E-12

     0.00000        0.500000        0.531908E-12
    0.500000E-01    0.500000        0.139760E-01
    0.100000        0.500000        0.310810E-01
    0.150000        0.500000        0.534411E-01
    0.200000        0.500000        0.840453E-01
    0.250000        0.500000        0.126872    
    0.300000        0.500000        0.186497    
    0.350000        0.500000        0.266640    
    0.400000        0.500000        0.367447    
    0.450000        0.500000        0.482567    
    0.500000        0.500000        0.598078    
    0.550000        0.500000        0.694670    
    0.600000        0.500000        0.753134    
    0.650000        0.500000        0.761845    
    0.700000        0.500000        0.721507    
    0.750000        0.500000        0.641693    
    0.800000        0.500000        0.534495    
    0.850000        0.500000        0.410426    
    0.900000        0.500000        0.277063    
    0.950000        0.500000        0.139263    
     1.00000        0.500000        0.161241E-13

     0.00000        0.550000       -0.129458E-11
    0.500000E-01    0.550000        0.144294E-01
    0.100000        0.550000        0.322520E-01
    0.150000        0.550000        0.559227E-01
    0.200000        0.550000        0.890292E-01
    0.250000        0.550000        0.136634    
    0.300000        0.550000        0.205143    
    0.350000        0.550000        0.300912    
    0.400000        0.550000        0.426886    
    0.450000        0.550000        0.577820    
    0.500000        0.550000        0.736536    
    0.550000        0.550000        0.874293    
    0.600000        0.550000        0.958088    
    0.650000        0.550000        0.966740    
    0.700000        0.550000        0.904722    
    0.750000        0.550000        0.792012    
    0.800000        0.550000        0.649364    
    0.850000        0.550000        0.491925    
    0.900000        0.550000        0.328712    
    0.950000        0.550000        0.164175    
     1.00000        0.550000        0.113909E-12

     0.00000        0.600000        0.381056E-12
    0.500000E-01    0.600000        0.144663E-01
    0.100000        0.600000        0.325050E-01
    0.150000        0.600000        0.568616E-01
    0.200000        0.600000        0.917064E-01
    0.250000        0.600000        0.143270    
    0.300000        0.600000        0.220165    
    0.350000        0.600000        0.332438    
    0.400000        0.600000        0.487990    
    0.450000        0.600000        0.685751    
    0.500000        0.600000        0.907273    
    0.550000        0.600000         1.11074    
    0.600000        0.600000         1.23578    
    0.650000        0.600000         1.23810    
    0.700000        0.600000         1.13473    
    0.750000        0.600000        0.969376    
    0.800000        0.600000        0.777135    
    0.850000        0.600000        0.578126    
    0.900000        0.600000        0.381277    
    0.950000        0.600000        0.188913    
     1.00000        0.600000        0.933325E-14

     0.00000        0.650000        0.484474E-12
    0.500000E-01    0.650000        0.140351E-01
    0.100000        0.650000        0.317021E-01
    0.150000        0.650000        0.559532E-01
    0.200000        0.650000        0.914427E-01
    0.250000        0.650000        0.145510    
    0.300000        0.650000        0.229162    
    0.350000        0.650000        0.357131    
    0.400000        0.650000        0.545126    
    0.450000        0.650000        0.802031    
    0.500000        0.650000         1.11562    
    0.550000        0.650000         1.43125    
    0.600000        0.650000         1.63210    
    0.650000        0.650000         1.60794    
    0.700000        0.650000         1.42039    
    0.750000        0.650000         1.16923    
    0.800000        0.650000        0.908984    
    0.850000        0.650000        0.660738    
    0.900000        0.650000        0.428856    
    0.950000        0.650000        0.210487    
     1.00000        0.650000        0.453630E-13

     0.00000        0.700000       -0.331513E-12
    0.500000E-01    0.700000        0.131072E-01
    0.100000        0.700000        0.297543E-01
    0.150000        0.700000        0.529650E-01
    0.200000        0.700000        0.876691E-01
    0.250000        0.700000        0.142028    
    0.300000        0.700000        0.229201    
    0.350000        0.700000        0.368973    
    0.400000        0.700000        0.587554    
    0.450000        0.700000        0.912480    
    0.500000        0.700000         1.35728    
    0.550000        0.700000         1.87857    
    0.600000        0.700000         2.24561    
    0.650000        0.700000         2.12785    
    0.700000        0.700000         1.75913    
    0.750000        0.700000         1.37157    
    0.800000        0.700000         1.02516    
    0.850000        0.700000        0.725186    
    0.900000        0.700000        0.462381    
    0.950000        0.700000        0.224629    
     1.00000        0.700000        0.455064E-12

     0.00000        0.750000       -0.118072E-12
    0.500000E-01    0.750000        0.116879E-01
    0.100000        0.750000        0.266509E-01
    0.150000        0.750000        0.478030E-01
    0.200000        0.750000        0.800300E-01
    0.250000        0.750000        0.131747    
    0.300000        0.750000        0.217334    
    0.350000        0.750000        0.360475    
    0.400000        0.750000        0.597903    
    0.450000        0.750000        0.982835    
    0.500000        0.750000         1.58831    
    0.550000        0.750000         2.48542    
    0.600000        0.750000         3.25615    
    0.650000        0.750000         2.84428    
    0.700000        0.750000         2.09766    
    0.750000        0.750000         1.52324    
    0.800000        0.750000         1.09021    
    0.850000        0.750000        0.750414    
    0.900000        0.750000        0.470377    
    0.950000        0.750000        0.226325    
     1.00000        0.750000       -0.241976E-12

     0.00000        0.800000       -0.238615E-12
    0.500000E-01    0.800000        0.982279E-02
    0.100000        0.800000        0.224804E-01
    0.150000        0.800000        0.405745E-01
    0.200000        0.800000        0.685538E-01
    0.250000        0.800000        0.114290    
    0.300000        0.800000        0.191742    
    0.350000        0.800000        0.325171    
    0.400000        0.800000        0.555500    
    0.450000        0.800000        0.951183    
    0.500000        0.800000         1.63588    
    0.550000        0.800000         2.83044    
    0.600000        0.800000         3.99935    
    0.650000        0.800000         3.28002    
    0.700000        0.800000         2.20598    
    0.750000        0.800000         1.52075    
    0.800000        0.800000         1.05665    
    0.850000        0.800000        0.713874    
    0.900000        0.800000        0.442139    
    0.950000        0.800000        0.211250    
     1.00000        0.800000        0.820655E-14

     0.00000        0.850000       -0.518613E-13
    0.500000E-01    0.850000        0.759735E-02
    0.100000        0.850000        0.174355E-01
    0.150000        0.850000        0.316139E-01
    0.200000        0.850000        0.537632E-01
    0.250000        0.850000        0.903914E-01
    0.300000        0.850000        0.153191    
    0.350000        0.850000        0.262671    
    0.400000        0.850000        0.453119    
    0.450000        0.850000        0.778183    
    0.500000        0.850000         1.31558    
    0.550000        0.850000         2.14469    
    0.600000        0.850000         2.88235    
    0.650000        0.850000         2.50922    
    0.700000        0.850000         1.81201    
    0.750000        0.850000         1.28335    
    0.800000        0.850000        0.896763    
    0.850000        0.850000        0.604747    
    0.900000        0.850000        0.373189    
    0.950000        0.850000        0.177758    
     1.00000        0.850000       -0.136668E-13

     0.00000        0.900000        0.262873E-12
    0.500000E-01    0.900000        0.512866E-02
    0.100000        0.900000        0.117922E-01
    0.150000        0.900000        0.214462E-01
    0.200000        0.900000        0.366204E-01
    0.250000        0.900000        0.618631E-01
    0.300000        0.900000        0.105331    
    0.350000        0.900000        0.181119    
    0.400000        0.900000        0.311654    
    0.450000        0.900000        0.527283    
    0.500000        0.900000        0.855275    
    0.550000        0.900000         1.27734    
    0.600000        0.900000         1.59856    
    0.650000        0.900000         1.50710    
    0.700000        0.900000         1.20193    
    0.750000        0.900000        0.895031    
    0.800000        0.900000        0.639082    
    0.850000        0.900000        0.434468    
    0.900000        0.900000        0.268679    
    0.950000        0.900000        0.127965    
     1.00000        0.900000       -0.118261E-14

     0.00000        0.950000       -0.194643E-12
    0.500000E-01    0.950000        0.255077E-02
    0.100000        0.950000        0.587145E-02
    0.150000        0.950000        0.106969E-01
    0.200000        0.950000        0.183061E-01
    0.250000        0.950000        0.309981E-01
    0.300000        0.950000        0.528750E-01
    0.350000        0.950000        0.909125E-01
    0.400000        0.950000        0.155750    
    0.450000        0.950000        0.260192    
    0.500000        0.950000        0.410974    
    0.550000        0.950000        0.587833    
    0.600000        0.950000        0.714040    
    0.650000        0.950000        0.699573    
    0.700000        0.950000        0.587830    
    0.750000        0.950000        0.452691    
    0.800000        0.950000        0.329088    
    0.850000        0.950000        0.225621    
    0.900000        0.950000        0.139997    
    0.950000        0.950000        0.667388E-01
     1.00000        0.950000         0.00000    

     0.00000         1.00000         0.00000    
    0.500000E-01     1.00000         0.00000    
    0.100000         1.00000         0.00000    
    0.150000         1.00000         0.00000    
    0.200000         1.00000         0.00000    
    0.250000         1.00000         0.00000    
    0.300000         1.00000         0.00000    
    0.350000         1.00000         0.00000    
    0.400000         1.00000         0.00000    
    0.450000         1.00000         0.00000    
    0.500000         1.00000         0.00000    
    0.550000         1.00000         0.00000    
    0.600000         1.00000         0.00000    
    0.650000         1.00000         0.00000    
    0.700000         1.00000         0.00000    
    0.750000         1.00000         0.00000    
    0.800000         1.00000         0.00000    
    0.850000         1.00000         0.00000    
    0.900000         1.00000         0.00000    
    0.950000         1.00000         0.00000    
     1.00000         1.00000         0.00000    

