    -10.0000        -10.0000        0.423266    
    -9.00000        -10.0000        0.449054    
    -8.00000        -10.0000        0.475565    
    -7.00000        -10.0000        0.502568    
    -6.00000        -10.0000        0.529670    
    -5.00000        -10.0000        0.556236    
    -4.00000        -10.0000        0.581283    
    -3.00000        -10.0000        0.603482    
    -2.00000        -10.0000        0.621436    
    -1.00000        -10.0000        0.634080    
     0.00000        -10.0000        0.640899    
     1.00000        -10.0000        0.641953    
     2.00000        -10.0000        0.637816    
     3.00000        -10.0000        0.629465    
     4.00000        -10.0000        0.618119    
     5.00000        -10.0000        0.604990    
     6.00000        -10.0000        0.591042    
     7.00000        -10.0000        0.576911    
     8.00000        -10.0000        0.562970    
     9.00000        -10.0000        0.549431    
     10.0000        -10.0000        0.536408    

    -10.0000        -9.00000        0.402325    
    -9.00000        -9.00000        0.429391    
    -8.00000        -9.00000        0.457398    
    -7.00000        -9.00000        0.486110    
    -6.00000        -9.00000        0.515111    
    -5.00000        -9.00000        0.543712    
    -4.00000        -9.00000        0.570837    
    -3.00000        -9.00000        0.595022    
    -2.00000        -9.00000        0.614702    
    -1.00000        -9.00000        0.628636    
     0.00000        -9.00000        0.636178    
     1.00000        -9.00000        0.637345    
     2.00000        -9.00000        0.632775    
     3.00000        -9.00000        0.623594    
     4.00000        -9.00000        0.611196    
     5.00000        -9.00000        0.596949    
     6.00000        -9.00000        0.581926    
     7.00000        -9.00000        0.566827    
     8.00000        -9.00000        0.552055    
     9.00000        -9.00000        0.537829    
     10.0000        -9.00000        0.524257    

    -10.0000        -8.00000        0.378599    
    -9.00000        -8.00000        0.406916    
    -8.00000        -8.00000        0.436433    
    -7.00000        -8.00000        0.466914    
    -6.00000        -8.00000        0.497927    
    -5.00000        -8.00000        0.528728    
    -4.00000        -8.00000        0.558141    
    -3.00000        -8.00000        0.584555    
    -2.00000        -8.00000        0.606205    
    -1.00000        -8.00000        0.621633    
     0.00000        -8.00000        0.630023    
     1.00000        -8.00000        0.631336    
     2.00000        -8.00000        0.626283    
     3.00000        -8.00000        0.616171    
     4.00000        -8.00000        0.602613    
     5.00000        -8.00000        0.587159    
     6.00000        -8.00000        0.571009    
     7.00000        -8.00000        0.554928    
     8.00000        -8.00000        0.539346    
     9.00000        -8.00000        0.524478    
     10.0000        -8.00000        0.510422    

    -10.0000        -7.00000        0.351704    
    -9.00000        -7.00000        0.381191    
    -8.00000        -7.00000        0.412180    
    -7.00000        -7.00000        0.444443    
    -6.00000        -7.00000        0.477534    
    -5.00000        -7.00000        0.510660    
    -4.00000        -7.00000        0.542543    
    -3.00000        -7.00000        0.571404    
    -2.00000        -7.00000        0.595253    
    -1.00000        -7.00000        0.612378    
     0.00000        -7.00000        0.621753    
     1.00000        -7.00000        0.623261    
     2.00000        -7.00000        0.617702    
     3.00000        -7.00000        0.606597    
     4.00000        -7.00000        0.591815    
     5.00000        -7.00000        0.575121    
     6.00000        -7.00000        0.557848    
     7.00000        -7.00000        0.540827    
     8.00000        -7.00000        0.524507    
     9.00000        -7.00000        0.509094    
     10.0000        -7.00000        0.494662    

    -10.0000        -6.00000        0.321262    
    -9.00000        -6.00000        0.351757    
    -8.00000        -6.00000        0.384102    
    -7.00000        -6.00000        0.418086    
    -6.00000        -6.00000        0.453253    
    -5.00000        -6.00000        0.488760    
    -4.00000        -6.00000        0.523219    
    -3.00000        -6.00000        0.554675    
    -2.00000        -6.00000        0.580892    
    -1.00000        -6.00000        0.599875    
     0.00000        -6.00000        0.610365    
     1.00000        -6.00000        0.612148    
     2.00000        -6.00000        0.606121    
     3.00000        -6.00000        0.594048    
     4.00000        -6.00000        0.578079    
     5.00000        -6.00000        0.560208    
     6.00000        -6.00000        0.541910    
     7.00000        -6.00000        0.524078    
     8.00000        -6.00000        0.507168    
     9.00000        -6.00000        0.491370    
     10.0000        -6.00000        0.476726    

    -10.0000        -5.00000        0.286972    
    -9.00000        -5.00000        0.318181    
    -8.00000        -5.00000        0.351651    
    -7.00000        -5.00000        0.387189    
    -6.00000        -5.00000        0.424329    
    -5.00000        -5.00000        0.462170    
    -4.00000        -5.00000        0.499204    
    -3.00000        -5.00000        0.533287    
    -2.00000        -5.00000        0.561927    
    -1.00000        -5.00000        0.582845    
     0.00000        -5.00000        0.594543    
     1.00000        -5.00000        0.596717    
     2.00000        -5.00000        0.590364    
     3.00000        -5.00000        0.577491    
     4.00000        -5.00000        0.560529    
     5.00000        -5.00000        0.541697    
     6.00000        -5.00000        0.522604    
     7.00000        -5.00000        0.504200    
     8.00000        -5.00000        0.486942    
     9.00000        -5.00000        0.470994    
     10.0000        -5.00000        0.456365    

    -10.0000        -4.00000        0.248756    
    -9.00000        -4.00000        0.280180    
    -8.00000        -4.00000        0.314359    
    -7.00000        -4.00000        0.351122    
    -6.00000        -4.00000        0.389992    
    -5.00000        -4.00000        0.429996    
    -4.00000        -4.00000        0.469482    
    -3.00000        -4.00000        0.506096    
    -2.00000        -4.00000        0.537094    
    -1.00000        -4.00000        0.559932    
     0.00000        -4.00000        0.572895    
     1.00000        -4.00000        0.575602    
     2.00000        -4.00000        0.569160    
     3.00000        -4.00000        0.555812    
     4.00000        -4.00000        0.538233    
     5.00000        -4.00000        0.518830    
     6.00000        -4.00000        0.499325    
     7.00000        -4.00000        0.480713    
     8.00000        -4.00000        0.463450    
     9.00000        -4.00000        0.447671    
     10.0000        -4.00000        0.433346    

    -10.0000        -3.00000        0.207051    
    -9.00000        -3.00000        0.237862    
    -8.00000        -3.00000        0.272029    
    -7.00000        -3.00000        0.309425    
    -6.00000        -3.00000        0.349569    
    -5.00000        -3.00000        0.391405    
    -4.00000        -3.00000        0.433107    
    -3.00000        -3.00000        0.472081    
    -2.00000        -3.00000        0.505323    
    -1.00000        -3.00000        0.530039    
     0.00000        -3.00000        0.544312    
     1.00000        -3.00000        0.547705    
     2.00000        -3.00000        0.541462    
     3.00000        -3.00000        0.528059    
     4.00000        -3.00000        0.510370    
     5.00000        -3.00000        0.490927    
     6.00000        -3.00000        0.471525    
     7.00000        -3.00000        0.453188    
     8.00000        -3.00000        0.436360    
     9.00000        -3.00000        0.421145    
     10.0000        -3.00000        0.407474    

    -10.0000        -2.00000        0.163243    
    -9.00000        -2.00000        0.192168    
    -8.00000        -2.00000        0.225134    
    -7.00000        -2.00000        0.262124    
    -6.00000        -2.00000        0.302708    
    -5.00000        -2.00000        0.345773    
    -4.00000        -2.00000        0.389305    
    -3.00000        -2.00000        0.430418    
    -2.00000        -2.00000        0.465801    
    -1.00000        -2.00000        0.492383    
     0.00000        -2.00000        0.508044    
     1.00000        -2.00000        0.512307    
     2.00000        -2.00000        0.506583    
     3.00000        -2.00000        0.493583    
     4.00000        -2.00000        0.476344    
     5.00000        -2.00000        0.457471    
     6.00000        -2.00000        0.438779    
     7.00000        -2.00000        0.421287    
     8.00000        -2.00000        0.405414    
     9.00000        -2.00000        0.391223    
     10.0000        -2.00000        0.378606    

    -10.0000        -1.00000        0.120022    
    -9.00000        -1.00000        0.145412    
    -8.00000        -1.00000        0.175436    
    -7.00000        -1.00000        0.210331    
    -6.00000        -1.00000        0.249865    
    -5.00000        -1.00000        0.293001    
    -4.00000        -1.00000        0.337594    
    -3.00000        -1.00000        0.380429    
    -2.00000        -1.00000        0.417778    
    -1.00000        -1.00000        0.446208    
     0.00000        -1.00000        0.463377    
     1.00000        -1.00000        0.468782    
     2.00000        -1.00000        0.463991    
     3.00000        -1.00000        0.451923    
     4.00000        -1.00000        0.435748    
     5.00000        -1.00000        0.418106    
     6.00000        -1.00000        0.400795    
     7.00000        -1.00000        0.384788    
     8.00000        -1.00000        0.370450    
     9.00000        -1.00000        0.357793    
     10.0000        -1.00000        0.346669    

    -10.0000         0.00000        0.811517E-01
    -9.00000         0.00000        0.101442    
    -8.00000         0.00000        0.126537    
    -7.00000         0.00000        0.157055    
    -6.00000         0.00000        0.193193    
    -5.00000         0.00000        0.234274    
    -4.00000         0.00000        0.278278    
    -3.00000         0.00000        0.321767    
    -2.00000         0.00000        0.360520    
    -1.00000         0.00000        0.390610    
     0.00000         0.00000        0.409400    
     1.00000         0.00000        0.416328    
     2.00000         0.00000        0.413048    
     3.00000         0.00000        0.402599    
     4.00000         0.00000        0.388227    
     5.00000         0.00000        0.372583    
     6.00000         0.00000        0.357413    
     7.00000         0.00000        0.343603    
     8.00000         0.00000        0.331432    
     9.00000         0.00000        0.320851    
     10.0000         0.00000        0.311678    

    -10.0000         1.00000        0.501549E-01
    -9.00000         1.00000        0.646233E-01
    -8.00000         1.00000        0.833914E-01
    -7.00000         1.00000        0.107405    
    -6.00000         1.00000        0.137381    
    -5.00000         1.00000        0.173301    
    -4.00000         1.00000        0.213746    
    -3.00000         1.00000        0.255509    
    -2.00000         1.00000        0.294099    
    -1.00000         1.00000        0.325061    
     0.00000         1.00000        0.345342    
     1.00000         1.00000        0.354173    
     2.00000         1.00000        0.353119    
     3.00000         1.00000        0.345173    
     4.00000         1.00000        0.333550    
     5.00000         1.00000        0.320844    
     6.00000         1.00000        0.308694    
     7.00000         1.00000        0.297857    
     8.00000         1.00000        0.288512    
     9.00000         1.00000        0.280554    
     10.0000         1.00000        0.273782    

    -10.0000         2.00000        0.284838E-01
    -9.00000         2.00000        0.376894E-01
    -8.00000         2.00000        0.501497E-01
    -7.00000         2.00000        0.668688E-01
    -6.00000         2.00000        0.888516E-01
    -5.00000         2.00000        0.116697    
    -4.00000         2.00000        0.149901    
    -3.00000         2.00000        0.186164    
    -2.00000         2.00000        0.221460    
    -1.00000         2.00000        0.251237    
     0.00000         2.00000        0.272065    
     1.00000         2.00000        0.282770    
     2.00000         2.00000        0.284533    
     3.00000         2.00000        0.280023    
     4.00000         2.00000        0.272210    
     5.00000         2.00000        0.263476    
     6.00000         2.00000        0.255252    
     7.00000         2.00000        0.248133    
     8.00000         2.00000        0.242210    
     9.00000         2.00000        0.237350    
     10.0000         2.00000        0.233359    

    -10.0000         3.00000        0.151070E-01
    -9.00000         3.00000        0.204326E-01
    -8.00000         3.00000        0.278841E-01
    -7.00000         3.00000        0.382610E-01
    -6.00000         3.00000        0.524815E-01
    -5.00000         3.00000        0.713407E-01
    -4.00000         3.00000        0.949988E-01
    -3.00000         3.00000        0.122299    
    -2.00000         3.00000        0.150454    
    -1.00000         3.00000        0.175723    
     0.00000         3.00000        0.194854    
     1.00000         3.00000        0.206341    
     2.00000         3.00000        0.210754    
     3.00000         3.00000        0.210098    
     4.00000         3.00000        0.206765    
     5.00000         3.00000        0.202673    
     6.00000         3.00000        0.198927    
     7.00000         3.00000        0.195946    
     8.00000         3.00000        0.193759    
     9.00000         3.00000        0.192237    
     10.0000         3.00000        0.191218    

    -10.0000         4.00000        0.764772E-02
    -9.00000         4.00000        0.105289E-01
    -8.00000         4.00000        0.146560E-01
    -7.00000         4.00000        0.205482E-01
    -6.00000         4.00000        0.288388E-01
    -5.00000         4.00000        0.401548E-01
    -4.00000         4.00000        0.548248E-01
    -3.00000         4.00000        0.724282E-01
    -2.00000         4.00000        0.914577E-01
    -1.00000         4.00000        0.109547    
     0.00000         4.00000        0.124352    
     1.00000         4.00000        0.134533    
     2.00000         4.00000        0.140183    
     3.00000         4.00000        0.142508    
     4.00000         4.00000        0.143082    
     5.00000         4.00000        0.143177    
     6.00000         4.00000        0.143504    
     7.00000         4.00000        0.144300    
     8.00000         4.00000        0.145543    
     9.00000         4.00000        0.147112    
     10.0000         4.00000        0.148877    

    -10.0000         5.00000        0.376799E-02
    -9.00000         5.00000        0.526441E-02
    -8.00000         5.00000        0.744071E-02
    -7.00000         5.00000        0.105911E-01
    -6.00000         5.00000        0.150791E-01
    -5.00000         5.00000        0.212769E-01
    -4.00000         5.00000        0.294180E-01
    -3.00000         5.00000        0.393640E-01
    -2.00000         5.00000        0.504061E-01
    -1.00000         5.00000        0.613296E-01
     0.00000         5.00000        0.708383E-01
     1.00000         5.00000        0.781115E-01
     2.00000         5.00000        0.831147E-01
     3.00000         5.00000        0.864741E-01
     4.00000         5.00000        0.890575E-01
     5.00000         5.00000        0.915716E-01
     6.00000         5.00000        0.943925E-01
     7.00000         5.00000        0.976115E-01
     8.00000         5.00000        0.101159    
     9.00000         5.00000        0.104907    
     10.0000         5.00000        0.108730    

    -10.0000         6.00000        0.183108E-02
    -9.00000         6.00000        0.259031E-02
    -8.00000         6.00000        0.370385E-02
    -7.00000         6.00000        0.532399E-02
    -6.00000         6.00000        0.763545E-02
    -5.00000         6.00000        0.108237E-01
    -4.00000         6.00000        0.150042E-01
    -3.00000         6.00000        0.201172E-01
    -2.00000         6.00000        0.258418E-01
    -1.00000         6.00000        0.316249E-01
     0.00000         6.00000        0.368697E-01
     1.00000         6.00000        0.411960E-01
     2.00000         6.00000        0.445994E-01
     3.00000         6.00000        0.474070E-01
     4.00000         6.00000        0.500774E-01
     5.00000         6.00000        0.529919E-01
     6.00000         6.00000        0.563519E-01
     7.00000         6.00000        0.601896E-01
     8.00000         6.00000        0.644309E-01
     9.00000         6.00000        0.689578E-01
     10.0000         6.00000        0.736483E-01

    -10.0000         7.00000        0.884321E-03
    -9.00000         7.00000        0.126402E-02
    -8.00000         7.00000        0.182248E-02
    -7.00000         7.00000        0.263365E-02
    -6.00000         7.00000        0.378394E-02
    -5.00000         7.00000        0.535571E-02
    -4.00000         7.00000        0.739494E-02
    -3.00000         7.00000        0.986774E-02
    -2.00000         7.00000        0.126291E-01
    -1.00000         7.00000        0.154413E-01
     0.00000         7.00000        0.180560E-01
     1.00000         7.00000        0.203242E-01
     2.00000         7.00000        0.222660E-01
     3.00000         7.00000        0.240570E-01
     4.00000         7.00000        0.259445E-01
     5.00000         7.00000        0.281511E-01
     6.00000         7.00000        0.308160E-01
     7.00000         7.00000        0.339847E-01
     8.00000         7.00000        0.376284E-01
     9.00000         7.00000        0.416731E-01
     10.0000         7.00000        0.460263E-01

    -10.0000         8.00000        0.425940E-03
    -9.00000         8.00000        0.613786E-03
    -8.00000         8.00000        0.889545E-03
    -7.00000         8.00000        0.128742E-02
    -6.00000         8.00000        0.184552E-02
    -5.00000         8.00000        0.259762E-02
    -4.00000         8.00000        0.355915E-02
    -3.00000         8.00000        0.471027E-02
    -2.00000         8.00000        0.598596E-02
    -1.00000         8.00000        0.728696E-02
     0.00000         8.00000        0.851494E-02
     1.00000         8.00000        0.961678E-02
     2.00000         8.00000        0.106131E-01
     3.00000         8.00000        0.115949E-01
     4.00000         8.00000        0.126922E-01
     5.00000         8.00000        0.140352E-01
     6.00000         8.00000        0.157253E-01
     7.00000         8.00000        0.178251E-01
     8.00000         8.00000        0.203582E-01
     9.00000         8.00000        0.233148E-01
     10.0000         8.00000        0.266562E-01

    -10.0000         9.00000        0.204836E-03
    -9.00000         9.00000        0.296847E-03
    -8.00000         9.00000        0.431150E-03
    -7.00000         9.00000        0.622979E-03
    -6.00000         9.00000        0.888414E-03
    -5.00000         9.00000        0.124053E-02
    -4.00000         9.00000        0.168354E-02
    -3.00000         9.00000        0.220661E-02
    -2.00000         9.00000        0.278103E-02
    -1.00000         9.00000        0.336609E-02
     0.00000         9.00000        0.392378E-02
     1.00000         9.00000        0.443637E-02
     2.00000         9.00000        0.491759E-02
     3.00000         9.00000        0.541224E-02
     4.00000         9.00000        0.598526E-02
     5.00000         9.00000        0.670727E-02
     6.00000         9.00000        0.764348E-02
     7.00000         9.00000        0.884830E-02
     8.00000         9.00000        0.103635E-01
     9.00000         9.00000        0.122180E-01
     10.0000         9.00000        0.144265E-01

    -10.0000         10.0000        0.983308E-04
    -9.00000         10.0000        0.142950E-03
    -8.00000         10.0000        0.207523E-03
    -7.00000         10.0000        0.298634E-03
    -6.00000         10.0000        0.422844E-03
    -5.00000         10.0000        0.584972E-03
    -4.00000         10.0000        0.785770E-03
    -3.00000         10.0000        0.101970E-02
    -2.00000         10.0000        0.127433E-02
    -1.00000         10.0000        0.153316E-02
     0.00000         10.0000        0.178173E-02
     1.00000         10.0000        0.201450E-02
     2.00000         10.0000        0.223922E-02
     3.00000         10.0000        0.247711E-02
     4.00000         10.0000        0.275912E-02
     5.00000         10.0000        0.312102E-02
     6.00000         10.0000        0.359957E-02
     7.00000         10.0000        0.423096E-02
     8.00000         10.0000        0.505040E-02
     9.00000         10.0000        0.609126E-02
     10.0000         10.0000        0.738417E-02

