       0       0.00000         1.00000         0.00000         0.00000        0.800000    
       1      0.779000E-01    0.996966       -0.779063E-01    0.622569E-01    0.797570    
       2      0.155800        0.987861       -0.155849        0.124134        0.790246    
       3      0.233700        0.972683       -0.233859        0.185248        0.777929    
       4      0.311600        0.951424       -0.311957        0.245202        0.760447    
       5      0.389500        0.924077       -0.390145        0.303585        0.737555    
       6      0.467400        0.890637       -0.468396        0.359964        0.708924    
       7      0.545300        0.851101       -0.546647        0.413876        0.674134    
       8      0.623200        0.805473       -0.624779        0.464820        0.632660    
       9      0.701100        0.753769       -0.702598        0.512254        0.583855    
      10      0.779000        0.696024       -0.779803        0.555575        0.526938    
      11      0.856900        0.632303       -0.855947        0.594116        0.460964    
      12      0.934800        0.562712       -0.930374        0.627129        0.384808    
      13       1.01270        0.487419        -1.00214        0.653770        0.297144    
      14       1.09060        0.406683        -1.06987        0.673085        0.196427    
      15       1.16850        0.320887        -1.13165        0.683989        0.809047E-01
      16       1.24640        0.230597        -1.18472        0.685256       -0.513279E-01
      17       1.32430        0.136633        -1.22519        0.675508       -0.202184    
      18       1.40220        0.401783E-01    -1.24764        0.653230       -0.373261    
      19       1.48010       -0.570913E-01    -1.24468        0.616811       -0.565206    
      20       1.55800       -0.152832        -1.20659        0.564663       -0.776576    
      21       1.63590       -0.243858        -1.12151        0.495450        -1.00200    
      22       1.71380       -0.326018       -0.976982        0.408483        -1.22975    
      23       1.79170       -0.394280       -0.763748        0.304313        -1.43954    
      24       1.86960       -0.443225       -0.482369        0.185399        -1.60318    
      25       1.94750       -0.468089       -0.149836        0.565166E-01    -1.69099    
      26       2.02540       -0.466113        0.200056       -0.755730E-01    -1.68389    
      27       2.10330       -0.437526        0.526934       -0.203392        -1.58351    
      28       2.18120       -0.385455        0.799049       -0.320410        -1.41126    
      29       2.25910       -0.314843         1.00204       -0.422186        -1.19727    
      30       2.33700       -0.231104         1.13724       -0.506577       -0.968820    
      31       2.41490       -0.139161         1.21472       -0.573253       -0.744881    
      32       2.49280       -0.430225E-01     1.24703       -0.623028       -0.536112    
      33       2.57070        0.542565E-01     1.24576       -0.657297       -0.347169    
      34       2.64860        0.150441         1.22029       -0.677661       -0.179095    
      35       2.72650        0.243935         1.17770       -0.685721       -0.310499E-01
      36       2.80440        0.333618         1.12316       -0.682975        0.986396E-01
      37       2.88230        0.418710         1.06037       -0.670779        0.211900    
      38       2.96020        0.498678        0.991945       -0.650338        0.310621    
      39       3.03810        0.573157        0.919724       -0.622717        0.396527    
      40       3.11600        0.641906        0.844998       -0.588853        0.471129    
      41       3.19390        0.704767        0.768665       -0.549575        0.535725    
      42       3.27180        0.761639        0.691347       -0.505618        0.591412    
      43       3.34970        0.812464        0.613467       -0.457640        0.639109    
      44       3.42760        0.857210        0.535308       -0.406232        0.679578    
      45       3.50550        0.895862        0.457051       -0.351933        0.713445    
      46       3.58340        0.928419        0.378806       -0.295236        0.741220    
      47       3.66130        0.954882        0.300631       -0.236598        0.763310    
      48       3.73920        0.975259        0.222546       -0.176451        0.780030    
      49       3.81710        0.989557        0.144547       -0.115203        0.791614    
      50       3.89500        0.997782        0.666120E-01   -0.532470E-01    0.798224    
      51       3.97290        0.999936       -0.112920E-01    0.903336E-02    0.799949    
      52       4.05080        0.996022       -0.892013E-01    0.712589E-01    0.796813    
      53       4.12870        0.986038       -0.167152        0.133050        0.788774    
      54       4.20660        0.969978       -0.245174        0.194020        0.775720    
      55       4.28450        0.947837       -0.323286        0.253772        0.757471    
      56       4.36240        0.919608       -0.401485        0.311892        0.733769    
      57       4.44030        0.885284       -0.479741        0.367943        0.704274    
      58       4.51820        0.844865       -0.557983        0.421456        0.668550    
      59       4.59610        0.798354       -0.636084        0.471927        0.626056    
      60       4.67400        0.745772       -0.713836        0.518803        0.576128    
      61       4.75190        0.687156       -0.790919        0.561474        0.517960    
      62       4.82980        0.622576       -0.866861        0.599262        0.450585    
      63       4.90770        0.552146       -0.940968        0.631406        0.372848    
      64       4.98560        0.476046        -1.01224        0.657048        0.283393    
      65       5.06350        0.394549        -1.07925        0.675214        0.180643    
      66       5.14140        0.308061        -1.13996        0.684801        0.628188E-01
      67       5.21930        0.217180        -1.19148        0.684560       -0.719977E-01
      68       5.29720        0.122773        -1.22971        0.673093       -0.225699    
      69       5.37510        0.260819E-01    -1.24899        0.648866       -0.399795    
      70       5.45300       -0.711294E-01    -1.24159        0.610262       -0.594715    
      71       5.53090       -0.166407        -1.19747        0.555713       -0.808577    
      72       5.60880       -0.256428        -1.10453        0.483947        -1.03525    
      73       5.68670       -0.336901       -0.950461        0.394415        -1.26186    
      74       5.76460       -0.402698       -0.726986        0.287903        -1.46685    
      75       5.84250       -0.448415       -0.436698        0.167193        -1.62124    
      76       5.92040       -0.469495       -0.992384E-01    0.373916E-01    -1.69605    
      77       5.99830       -0.463572        0.249776       -0.945378E-01    -1.67479    
      78       6.07620       -0.431330        0.570315       -0.221155        -1.56231    
      79       6.15410       -0.376240        0.832869       -0.336182        -1.38211    
      80       6.23200       -0.303393         1.02567       -0.435521        -1.16450    
      81       6.30990       -0.218179         1.15176       -0.517330       -0.935745    
      82       6.38780       -0.125403         1.22191       -0.581486       -0.713516    
      83       6.46570       -0.289311E-01     1.24868       -0.628920       -0.507441    
      84       6.54360        0.683106E-01     1.24338       -0.661072       -0.321518    
      85       6.62150        0.164191         1.21504       -0.679555       -0.156428    
      86       6.69940        0.257193         1.17043       -0.685959       -0.111580E-01
      87       6.77730        0.346252         1.11450       -0.681763        0.116029    
      88       6.85520        0.430630         1.05075       -0.668300        0.227068    
      89       6.93310        0.509821        0.981676       -0.646756        0.323830    
      90       7.01100        0.583483        0.909022       -0.618174        0.408008    
      91       7.08890        0.651386        0.834015       -0.583476        0.481085    
      92       7.16680        0.713383        0.757507       -0.543477        0.544326    
      93       7.24470        0.769382        0.680085       -0.498898        0.598802    
      94       7.32260        0.819327        0.602149       -0.450387        0.645407    
      95       7.40050        0.863191        0.523967       -0.398529        0.684883    
      96       7.47840        0.900959        0.445706       -0.343852        0.717838    
      97       7.55630        0.932632        0.367469       -0.286846        0.744766    
      98       7.63420        0.958213        0.289307       -0.227964        0.766060    
      99       7.71210        0.977709        0.211235       -0.167632        0.782023    
     100       7.79000        0.991126        0.133247       -0.106257        0.792878    
