       0       0.00000         1.00000         0.00000         0.00000        0.500000    
       1      0.779000E-01    0.996964       -0.779987E-01    0.389105E-01    0.498478    
       2      0.155800        0.987832       -0.156594        0.775826E-01    0.493860    
       3      0.233700        0.972535       -0.236408        0.115769        0.485979    
       4      0.311600        0.950951       -0.318114        0.153206        0.474539    
       5      0.389500        0.922904       -0.402468        0.189598        0.459086    
       6      0.467400        0.888155       -0.490353        0.224610        0.438957    
       7      0.545300        0.846388       -0.582831        0.257842        0.413193    
       8      0.623200        0.797196       -0.681224        0.288804        0.380408    
       9      0.701100        0.740056       -0.787226        0.316875        0.338553    
      10      0.779000        0.674292       -0.903075        0.341235        0.284504    
      11      0.856900        0.599023        -1.03182        0.360758        0.213288    
      12      0.934800        0.513091        -1.17768        0.373807        0.116498    
      13       1.01270        0.414944        -1.34658        0.377857       -0.212470E-01
      14       1.09060        0.302497        -1.54612        0.368651       -0.231329    
      15       1.16850        0.173135        -1.78017        0.338100       -0.588405    
      16       1.24640        0.254293E-01    -1.99105        0.267868        -1.31099    
      17       1.32430       -0.118846        -1.34788        0.108414        -2.97758    
      18       1.40220       -0.100170         1.63937       -0.143340        -2.64563    
      19       1.48010        0.500326E-01     1.96949       -0.283138        -1.15198    
      20       1.55800        0.195000         1.74106       -0.344948       -0.515772    
      21       1.63590        0.321486         1.51194       -0.371268       -0.190791    
      22       1.71380        0.431488         1.31781       -0.377960        0.444875E-02
      23       1.79170        0.527564         1.15306       -0.372250        0.134152    
      24       1.86960        0.611703         1.01027       -0.358029        0.226080    
      25       1.94750        0.685387        0.883833       -0.337642        0.294112    
      26       2.02540        0.749724        0.769733       -0.312624        0.345945    
      27       2.10330        0.805556        0.665077       -0.284044        0.386179    
      28       2.18120        0.853532        0.567730       -0.252682        0.417729    
      29       2.25910        0.894156        0.476065       -0.219137        0.442514    
      30       2.33700        0.927817        0.388808       -0.183880        0.461843    
      31       2.41490        0.954820        0.304932       -0.147300        0.476617    
      32       2.49280        0.975391        0.223576       -0.109725        0.487464    
      33       2.57070        0.989699        0.143999       -0.714434E-01    0.494809    
      34       2.64860        0.997855        0.655395E-01   -0.327170E-01    0.498926    
      35       2.72650        0.999923       -0.124195E-01    0.620937E-02    0.499961    
      36       2.80440        0.995918       -0.904730E-01    0.450980E-01    0.497953    
      37       2.88230        0.985809       -0.169220        0.837096E-01    0.492828    
      38       2.96020        0.969519       -0.249289        0.121795        0.484403    
      39       3.03810        0.946918       -0.331364        0.159086        0.472359    
      40       3.11600        0.917820       -0.416218        0.195282        0.456211    
      41       3.19390        0.881976       -0.504758        0.230039        0.435257    
      42       3.27180        0.839055       -0.598082        0.262944        0.408480    
      43       3.34970        0.788635       -0.697563        0.293491        0.374408    
      44       3.42760        0.730170       -0.804967        0.321032        0.330854    
      45       3.50550        0.662955       -0.922643        0.344707        0.274466    
      46       3.58340        0.586073        -1.05379        0.363324        0.199859    
      47       3.66130        0.498310        -1.20288        0.375139        0.978322E-01
      48       3.73920        0.398038        -1.37613        0.377425       -0.487062E-01
      49       3.81710        0.283079        -1.58123        0.365508       -0.275369    
      50       3.89500        0.150784        -1.81939        0.330298       -0.669436    
      51       3.97290        0.630571E-03    -1.99999        0.250472        -1.49496    
      52       4.05080       -0.133105       -0.926032        0.695318E-01    -3.27270    
      53       4.12870       -0.785738E-01     1.82306       -0.174166        -2.32246    
      54       4.20660        0.743151E-01     1.94002       -0.296567        -1.01386    
      55       4.28450        0.187412         1.75469       -0.342656       -0.540288    
      56       4.36240        0.314896         1.52378       -0.370410       -0.204590    
      57       4.44030        0.425745         1.32778       -0.377960       -0.434374E-02
      58       4.51820        0.522539         1.16160       -0.372819        0.128091    
      59       4.59610        0.607301         1.01775       -0.359001        0.221678    
      60       4.67400        0.681536        0.890523       -0.338912        0.290801    
      61       4.75190        0.746369        0.775820       -0.314121        0.343394    
      62       4.82980        0.802657        0.670700       -0.285716        0.384187    
      63       4.90770        0.851056        0.572992       -0.254492        0.416163    
      64       4.98560        0.892078        0.481047       -0.221055        0.441287    
      65       5.06350        0.926119        0.393574       -0.185883        0.460893    
      66       5.14140        0.953486        0.309532       -0.149367        0.475902    
      67       5.21930        0.974411        0.228056       -0.111840        0.486955    
      68       5.29720        0.989064        0.148399       -0.735908E-01    0.494487    
      69       5.37510        0.997561        0.698933E-01   -0.348827E-01    0.498778    
      70       5.45300        0.999967       -0.807786E-02    0.403883E-02    0.499984    
      71       5.53090        0.996301       -0.861105E-01    0.429358E-01    0.498145    
      72       5.60880        0.986534       -0.164803        0.815693E-01    0.493198    
      73       5.68670        0.970591       -0.244781        0.119691        0.484964    
      74       5.76460        0.948346       -0.326724        0.157033        0.473132    
      75       5.84250        0.919617       -0.411401        0.193299        0.457230    
      76       5.92040        0.884156       -0.499709        0.228146        0.436567    
      77       5.99830        0.841640       -0.592734        0.261167        0.410148    
      78       6.07620        0.791651       -0.691829        0.291861        0.376532    
      79       6.15410        0.733651       -0.798736        0.319590        0.333581    
      80       6.23200        0.666946       -0.915765        0.343508        0.278026    
      81       6.30990        0.590631        -1.04606        0.362446        0.204629    
      82       6.38780        0.503513        -1.19401        0.374700        0.104477    
      83       6.46570        0.403990        -1.36571        0.377615       -0.388959E-01
      84       6.54360        0.289917        -1.56885        0.366669       -0.259549    
      85       6.62150        0.158653        -1.80569        0.333140       -0.640070    
      86       6.69940        0.931112E-02    -1.99869        0.256815        -1.42754    
      87       6.77730       -0.128725        -1.08875        0.835374E-01    -3.17769    
      88       6.85520       -0.863750E-01     1.76921       -0.163845        -2.43268    
      89       6.93310        0.658688E-01     1.95100       -0.292066        -1.06000    
      90       7.01100        0.208962         1.71585       -0.348937       -0.472456    
      91       7.08890        0.333611         1.49022       -0.372709       -0.166112    
      92       7.16680        0.442059         1.29950       -0.377859        0.202931E-01
      93       7.24470        0.536814         1.13734       -0.371122        0.145128    
      94       7.32260        0.619808        0.996480       -0.356170        0.234078    
      95       7.40050        0.692477        0.871485       -0.335242        0.300143    
      96       7.47840        0.755896        0.758483       -0.309811        0.350595    
      97       7.55630        0.810886        0.654675       -0.280909        0.389815    
      98       7.63420        0.858079        0.557985       -0.249296        0.420587    
      99       7.71210        0.897964        0.466831       -0.215553        0.444754    
     100       7.79000        0.930922        0.379970       -0.180142        0.463574    
     101       7.86790        0.957248        0.296392       -0.143444        0.477916    
     102       7.94580        0.977163        0.215253       -0.105783        0.488383    
     103       8.02370        0.990829        0.135822       -0.674441E-01    0.495383    
     104       8.10160        0.998352        0.574427E-01   -0.286858E-01    0.499175    
     105       8.17950        0.999790       -0.204986E-01    0.102477E-01    0.499895    
     106       8.25740        0.995154       -0.985959E-01    0.491188E-01    0.497568    
     107       8.33530        0.984409       -0.177450        0.876876E-01    0.492112    
     108       8.41320        0.967471       -0.257694        0.125704        0.483329    
     109       8.49110        0.944206       -0.340019        0.162895        0.470885    
     110       8.56900        0.914422       -0.425210        0.198960        0.454276    
     111       8.64690        0.877860       -0.514192        0.233545        0.432772    
     112       8.72480        0.834184       -0.608085        0.266231        0.405317    
     113       8.80270        0.782957       -0.708297        0.296499        0.370378    
     114       8.88060        0.723620       -0.816646        0.323684        0.325675    
     115       8.95850        0.655450       -0.935551        0.346897        0.267694    
     116       9.03640        0.577502        -1.06833        0.364902        0.190762    
     117       9.11430        0.488526        -1.21960        0.375878        0.851081E-01
     118       9.19220        0.386843        -1.39579        0.376955       -0.675992E-01
     119       9.27010        0.270212        -1.60457        0.363161       -0.306111    
     120       9.34800        0.135985        -1.84472        0.324660       -0.727334    
     121       9.42590       -0.155142E-01    -1.99576        0.237859        -1.63017    
     122       9.50380       -0.139234       -0.583796        0.424928E-01    -3.41290    
     123       9.58170       -0.142823       -0.577324E-01    0.412448E-02    -3.49917    
     124       9.65960       -0.421215E-01     1.96245       -0.214309        -1.88571    
     125       9.73750        0.110947         1.88588       -0.314197       -0.834074    
     126       9.81540        0.248411         1.64419       -0.358688       -0.361306    
     127       9.89330        0.367885         1.42923       -0.375827       -0.100968    
     128       9.97120        0.471967         1.24798       -0.376873        0.628681E-01
     129       10.0491        0.562999         1.09292       -0.367357        0.174970    
     130       10.1270        0.642747        0.957330       -0.350412        0.255995    
     131       10.2049        0.712527        0.836301       -0.327996        0.316755    
     132       10.2828        0.773329        0.726327       -0.301425        0.363451    
     133       10.3607        0.825909        0.624857       -0.271635        0.399883    
     134       10.4386        0.870853        0.529985       -0.239325        0.428501    
     135       10.5165        0.908614        0.440243       -0.205035        0.450945    
     136       10.5944        0.939546        0.354469       -0.169199        0.468337    
     137       10.6723        0.963919        0.271710       -0.132179        0.481457    
     138       10.7502        0.981935        0.191159       -0.942845E-01    0.490844    
     139       10.8281        0.993740        0.112111       -0.557926E-01    0.496855    
     140       10.9060        0.999425        0.339271E-01   -0.169563E-01    0.499712    
     141       10.9839        0.999033       -0.439987E-01    0.219834E-01    0.499516    
     142       11.0618        0.992561       -0.122260        0.607890E-01    0.496260    
     143       11.1397        0.979960       -0.201465        0.992183E-01    0.489827    
     144       11.2176        0.961132       -0.282259        0.137016        0.479982    
     145       11.2955        0.935924       -0.365360        0.173901        0.466345    
     146       11.3734        0.904127       -0.451590        0.209559        0.448350    
     147       11.4513        0.865460       -0.541923        0.243620        0.425180    
     148       11.5292        0.819558       -0.637557        0.275638        0.395659    
     149       11.6071        0.765952       -0.740007        0.305055        0.358061    
     150       11.6850        0.704038       -0.851249        0.331148        0.309800    
     151       11.7629        0.633031       -0.973937        0.352942        0.246839    
     152       11.8408        0.551907        -1.11173        0.369056        0.162545    
     153       11.9187        0.459300        -1.26975        0.377418        0.452294E-01
     154       11.9966        0.353375        -1.45497        0.374678       -0.127753    
     155       12.0745        0.231715        -1.67456        0.354828       -0.406454    
     156       12.1524        0.918215E-01    -1.91528        0.305359       -0.924075    
     157       12.2303       -0.616130E-01    -1.90640        0.194253        -2.10467    
     158       12.3082       -0.139797        0.538225       -0.390623E-01    -3.42622    
     159       12.3861       -0.175157E-01     1.99452       -0.236215        -1.64790    
     160       12.4640        0.134133         1.84784       -0.323927       -0.734839    
     161       12.5419        0.268601         1.60749       -0.362852       -0.310053    
     162       12.6198        0.385441         1.39825       -0.376886       -0.700059E-01
     163       12.6977        0.487301         1.22170       -0.375963        0.834942E-01
     164       12.7756        0.576430         1.07015       -0.365092        0.189611    
     165       12.8535        0.654511        0.937165       -0.347165        0.266840    
     166       12.9314        0.722800        0.818104       -0.324010        0.325022    
     167       13.0093        0.782246        0.709636       -0.296871        0.369871    
     168       13.0872        0.833573        0.609332       -0.266638        0.404918    
     169       13.1651        0.877344        0.515367       -0.233979        0.432459    
     170       13.2430        0.913995        0.426330       -0.199415        0.454032    
     171       13.3209        0.943865        0.341096       -0.163368        0.470699    
     172       13.3988        0.967212        0.258739       -0.126188        0.483193    
     173       13.4767        0.984231        0.178473       -0.881813E-01    0.492021    
     174       13.5546        0.995055        0.996053E-01   -0.496179E-01    0.497518    
     175       13.6325        0.999769        0.215021E-01   -0.107492E-01    0.499884    
     176       13.7104        0.998409       -0.564374E-01    0.281850E-01    0.499204    
     177       13.7883        0.990965       -0.134808        0.669471E-01    0.495452    
     178       13.8662        0.977379       -0.214221        0.105293        0.488494    
     179       13.9441        0.957545       -0.295333        0.142965        0.478074    
     180       14.0220        0.931303       -0.378875        0.179677        0.463786    
     181       14.0999        0.898432       -0.465688        0.215107        0.445028    
     182       14.1778        0.858638       -0.556779        0.248874        0.420937    
     183       14.2557        0.811542       -0.653388        0.280518        0.390260    
     184       14.3336        0.756656       -0.757093        0.309459        0.351164    
     185       14.4115        0.693350       -0.869961        0.334940        0.300880    
     186       14.4894        0.620807       -0.994780        0.355935        0.235054    
     187       14.5673        0.537954        -1.13541        0.370975        0.146465    
     188       14.6452        0.443361        -1.29725        0.377838        0.222156E-01
     189       14.7231        0.335104        -1.48754        0.372874       -0.163134    
     190       14.8010        0.230940        -1.67597        0.354639       -0.408614    
     191       14.8789        0.909354E-01    -1.91659        0.304931       -0.928441    
     192       14.9568       -0.624939E-01    -1.90300        0.193277        -2.11531    
     193       15.0347       -0.139543        0.559306       -0.406455E-01    -3.42020    
     194       15.1126       -0.165931E-01     1.99512       -0.236975        -1.63970    
     195       15.1905        0.134987         1.84640       -0.324266       -0.731370    
     196       15.2684        0.269344         1.60614       -0.362995       -0.308233    
     197       15.3463        0.386088         1.39712       -0.376918       -0.688947E-01
     198       15.4242        0.487866         1.22073       -0.375924        0.842392E-01
     199       15.5021        0.576924         1.06931       -0.365005        0.190142    
     200       15.5800        0.654944        0.936421       -0.347041        0.267234    
     201       15.6579        0.723178        0.817431       -0.323860        0.325324    
     202       15.7358        0.782574        0.709019       -0.296700        0.370105    
     203       15.8137        0.833855        0.608757       -0.266450        0.405102    
     204       15.8916        0.877582        0.514825       -0.233779        0.432603    
     205       15.9695        0.914192        0.425814       -0.199205        0.454145    
     206       16.0474        0.944022        0.340599       -0.163150        0.470785    
     207       16.1253        0.967332        0.258257       -0.125965        0.483256    
     208       16.2032        0.984313        0.178002       -0.879537E-01    0.492063    
     209       16.2811        0.995101        0.991399E-01   -0.493878E-01    0.497541    
     210       16.3590        0.999779        0.210395E-01   -0.105180E-01    0.499889    
     211       16.4369        0.998383       -0.569008E-01    0.284159E-01    0.499190    
     212       16.5148        0.990902       -0.135275        0.671762E-01    0.495420    
     213       16.5927        0.977280       -0.214697        0.105519        0.488443    
     214       16.6706        0.957408       -0.295821        0.143186        0.478001    
     215       16.7485        0.931128       -0.379379        0.179891        0.463688    
     216       16.8264        0.898216       -0.466215        0.215312        0.444902    
     217       16.9043        0.858380       -0.557335        0.249069        0.420775    
     218       16.9822        0.811240       -0.653981        0.280699        0.390055    
     219       17.0601        0.756306       -0.757734        0.309621        0.350902    
     220       17.1380        0.692948       -0.870663        0.335079        0.300540    
     221       17.2159        0.620347       -0.995563        0.356043        0.234605    
     222       17.2938        0.537429        -1.13630        0.371043        0.145850    
     223       17.3717        0.442761        -1.29829        0.377848        0.213306E-01
     224       17.4496        0.334416        -1.48878        0.372798       -0.164505    
     225       17.5275        0.209889        -1.71417        0.349192       -0.469658    
     226       17.6054        0.669234E-01    -1.94967        0.292638        -1.05413    
     227       17.6833       -0.854164E-01    -1.77648        0.165157        -2.41876    
     228       17.7612       -0.129309         1.06936       -0.818158E-01    -3.19011    
     229       17.8391        0.823026E-02     1.99897       -0.256040        -1.43574    
     230       17.9170        0.157676         1.80740       -0.332793       -0.643665    
     231       17.9949        0.289068         1.57038       -0.366528       -0.261494    
     232       18.0728        0.403251         1.36701       -0.377593       -0.401052E-01
     233       18.1507        0.502867         1.19511       -0.374756        0.103657    
     234       18.2286        0.590065         1.04702       -0.362556        0.204039    
     235       18.3065        0.666450        0.916619       -0.343658        0.277585    
     236       18.3844        0.733219        0.799511       -0.319770        0.333244    
     237       18.4623        0.791277        0.692542       -0.292065        0.376269    
     238       18.5402        0.841319        0.593399       -0.261389        0.409942    
     239       18.6181        0.883886        0.500337       -0.228382        0.436405    
     240       18.6960        0.919394        0.412000       -0.193547        0.457104    
     241       18.7739        0.948170        0.327302       -0.157289        0.473037    
     242       18.8518        0.970459        0.245342       -0.119953        0.484895    
     243       18.9297        0.986445        0.165353       -0.818360E-01    0.493153    
     244       19.0076        0.990660        0.137076       -0.680579E-01    0.495297    
     245       19.0855        0.998280        0.586844E-01   -0.293044E-01    0.499139    
     246       19.1634        0.999815       -0.192591E-01    0.962822E-02    0.499907    
     247       19.2413        0.995276       -0.973493E-01    0.485022E-01    0.497629    
     248       19.3192        0.984628       -0.176187        0.870778E-01    0.492224    
     249       19.3971        0.967790       -0.256403        0.125105        0.483496    
     250       19.4750        0.944627       -0.338689        0.162312        0.471114    
     251       19.5529        0.914948       -0.423828        0.198396        0.454577    
     252       19.6308        0.878497       -0.512741        0.233008        0.433157    
     253       19.7087        0.834936       -0.606546        0.265729        0.405807    
     254       19.7866        0.783834       -0.706645        0.296040        0.371003    
     255       19.8645        0.724631       -0.814847        0.323280        0.326479    
     256       19.9424        0.656608       -0.933562        0.346564        0.268746    
     257       20.0203        0.578825        -1.06609        0.364664        0.192177    
     258       20.0982        0.490036        -1.21702        0.375772        0.870912E-01
     259       20.1761        0.388571        -1.39275        0.377037       -0.646453E-01
     260       20.2540        0.272199        -1.60096        0.363537       -0.301281    
     261       20.3319        0.138268        -1.84085        0.325556       -0.718163    
     262       20.4098       -0.130402E-01    -1.99705        0.239866        -1.60857    
     263       20.4877       -0.138476       -0.639254        0.467111E-01    -3.39509    
     264       20.5656       -0.658688E-01     1.88910       -0.189476        -2.15672    
     265       20.6435        0.875196E-01     1.92158       -0.303264       -0.945446    
     266       20.7214        0.227952         1.68140       -0.353905       -0.417000    
     267       20.7993        0.350106         1.46079       -0.374384       -0.133945    
     268       20.8772        0.456448         1.27466       -0.377514        0.411786E-01
     269       20.9551        0.549410         1.11597       -0.369417        0.159704    
     270       21.0330        0.630843        0.977672       -0.353493        0.244752    
     271       21.1109        0.702125        0.854606       -0.331841        0.308217    
     272       21.1888        0.764289        0.743075       -0.305856        0.356836    
     273       21.2667        0.818126        0.640402       -0.276524        0.394699    
     274       21.3446        0.864242        0.544595       -0.244573        0.424426    
     275       21.4225        0.903112        0.454127       -0.210564        0.447760    
     276       21.5004        0.935102        0.367795       -0.174946        0.465891    
     277       21.5783        0.960496        0.284616       -0.138091        0.479645    
     278       21.6562        0.979506        0.203765       -0.100316        0.489593    
     279       21.7341        0.992284        0.124524       -0.619016E-01    0.496120    
     280       21.8120        0.998931        0.462440E-01   -0.231035E-01    0.499465    
     281       21.8899        0.999498       -0.316832E-01    0.158357E-01    0.499749    
     282       21.9678        0.993989       -0.109852        0.546783E-01    0.496981    
     283       22.0457        0.982361       -0.188866        0.931836E-01    0.491062    
     284       22.1236        0.964525       -0.269364        0.131099        0.481778    
     285       22.2015        0.940338       -0.352049        0.168148        0.468772    
     286       22.2794        0.909598       -0.437724        0.204023        0.451512    
     287       22.3573        0.872038       -0.527336        0.238363        0.429227    
     288       22.4352        0.827308       -0.622041        0.270738        0.400806    
     289       22.5131        0.774955       -0.723298        0.300608        0.364629    
     290       22.5910        0.714399       -0.832995        0.327284        0.318274    
     291       22.6689        0.644890       -0.953662        0.349836        0.257990    
     292       22.7468        0.565445        -1.08877        0.366962        0.177669    
     293       22.8247        0.474760        -1.24318        0.376728        0.666833E-01
     294       22.9026        0.371084        -1.42358        0.376047       -0.952125E-01
     295       22.9805        0.252090        -1.63750        0.359487       -0.351702    
     296       23.0584        0.115168        -1.87912        0.316046       -0.815243    
     297       23.1363       -0.377112E-01    -1.97086        0.218486        -1.84017    
     298       23.2142       -0.142829       -0.521200E-01    0.372340E-02    -3.49932    
     299       23.2921       -0.418965E-01     1.96292       -0.214525        -1.88336    
     300       23.3700        0.111163         1.88554       -0.314292       -0.833101    
     301       23.4479        0.155004         1.81206       -0.331836       -0.653567    
     302       23.5258        0.286747         1.57458       -0.366138       -0.266839    
     303       23.6037        0.401230         1.37054       -0.377532       -0.434243E-01
     304       23.6816        0.501100         1.19812       -0.374908        0.101407    
     305       23.7595        0.588518         1.04965       -0.362856        0.202423    
     306       23.8374        0.665095        0.918955       -0.344067        0.276379    
     307       23.9153        0.732037        0.801627       -0.320261        0.332319    
     308       23.9932        0.790253        0.694490       -0.292620        0.375549    
     309       24.0711        0.840442        0.595216       -0.261994        0.409376    
     310       24.1490        0.883146        0.502053       -0.229026        0.435960    
     311       24.2269        0.918785        0.413637       -0.194221        0.456759    
     312       24.3048        0.947685        0.328878       -0.157987        0.472774    
     313       24.3827        0.970096        0.246874       -0.120669        0.484705    
     314       24.4606        0.986200        0.166855       -0.825638E-01    0.493028    
     315       24.5385        0.996125        0.881369E-01   -0.439404E-01    0.498057    
     316       24.6164        0.999949        0.100948E-01   -0.504721E-02    0.499975    
     317       24.6943        0.997700       -0.678705E-01    0.338767E-01    0.498848    
     318       24.7722        0.989361       -0.146354        0.725933E-01    0.494638    
     319       24.8501        0.974869       -0.225974        0.110857        0.487193    
     320       24.9280        0.954108       -0.307394        0.148407        0.476236    
     321       25.0059        0.926911       -0.391359        0.184953        0.461336    
     322       25.0838        0.893046       -0.478731        0.220164        0.441859    
     323       25.1617        0.852209       -0.570545        0.253652        0.416893    
     324       25.2396        0.804007       -0.668085        0.284940        0.385116    
     325       25.3175        0.747931       -0.772988        0.313427        0.344584    
     326       25.3954        0.683329       -0.887410        0.338324        0.292346    
     327       25.4733        0.609350        -1.01427        0.358552        0.223732    
     328       25.5512        0.524878        -1.15763        0.372558        0.130921    
     329       25.6291        0.428419        -1.32314        0.377964       -0.234223E-03
     330       25.7070        0.317964        -1.51827        0.370816       -0.198131    
     331       25.7849        0.190945        -1.74835        0.343734       -0.528786    
     332       25.8628        0.454491E-01    -1.97424        0.280428        -1.18003    
     333       25.9407       -0.103928        -1.59390        0.137118        -2.70809    
     334       26.0186       -0.115637         1.41193       -0.115264        -2.91650    
     335       26.0965        0.300536E-01     1.98780       -0.270878        -1.27946    
     336       26.1744        0.177265         1.77283       -0.339451       -0.574211    
     337       26.2523        0.306084         1.53965       -0.369179       -0.223488    
     338       26.3302        0.418068         1.34114       -0.377901       -0.163087E-01
     339       26.4081        0.515823         1.17303       -0.373532        0.119877    
     340       26.4860        0.601417         1.02775       -0.360259        0.215729    
     341       26.5639        0.676386        0.899449       -0.340572        0.286334    
     342       26.6418        0.741882        0.783933       -0.316086        0.339959    
     343       26.7197        0.798776        0.678188       -0.287919        0.381505    
     344       26.7976        0.847739        0.579994       -0.256881        0.414055    
     345       26.8755        0.889291        0.487670       -0.223589        0.439633    
     346       26.9534        0.923837        0.399905       -0.188531        0.459611    
     347       27.0313        0.951687        0.315642       -0.152102        0.474935    
     348       27.1092        0.973082        0.234003       -0.114639        0.486263    
     349       27.1871        0.988194        0.154235       -0.764345E-01    0.494044    
     350       27.2650        0.997142        0.756657E-01   -0.377518E-01    0.498568    
     351       27.3429        0.999997       -0.232438E-02    0.116219E-02    0.499999    
     352       27.4208        0.996780       -0.803322E-01    0.400691E-01    0.498386    
     353       27.4987        0.987466       -0.158955        0.787303E-01    0.493673    
     354       27.5766        0.971983       -0.238815        0.116899        0.485691    
     355       27.6545        0.950209       -0.320589        0.154308        0.474139    
     356       27.7324        0.921966       -0.405035        0.190665        0.458557    
     357       27.8103        0.887012       -0.493040        0.225630        0.438275    
     358       27.8882        0.845030       -0.585674        0.258801        0.412325    
     359       27.9661        0.795609       -0.684267        0.289687        0.379303    
     360       28.0440        0.738223       -0.790527        0.317660        0.337136    
     361       28.1219        0.672188       -0.906712        0.341895        0.282659    
     362       28.1998        0.596620        -1.03590        0.361251        0.210824    
     363       28.2777        0.510349        -1.18235        0.374074        0.113084    
     364       28.3556        0.411808        -1.35205        0.377802       -0.262469E-01
     365       28.4335        0.298896        -1.55262        0.368104       -0.239292    
     366       28.5114        0.168989        -1.78751        0.336715       -0.602892    
     367       28.5893        0.207981E-01    -1.99386        0.264783        -1.34339    
     368       28.6672       -0.121900        -1.27918        0.101423        -3.03744    
     369       28.7451       -0.142811       -0.671866E-01    0.480021E-02    -3.49887    
     370       28.8230       -0.425004E-01     1.96167       -0.213944        -1.88969    
     371       28.9009        0.110582         1.88646       -0.314036       -0.835716    
     372       28.9788        0.248093         1.64477       -0.358618       -0.362140    
     373       29.0567        0.367609         1.42972       -0.375807       -0.101468    
     374       29.1346        0.471726         1.24839       -0.376885        0.625376E-01
     375       29.2125        0.562787         1.09328       -0.367391        0.174737    
     376       29.2904        0.642562        0.957647       -0.350461        0.255823    
     377       29.3683        0.712366        0.836586       -0.328057        0.316624    
     378       29.4462        0.773189        0.726588       -0.301495        0.363349    
     379       29.5241        0.825789        0.625099       -0.271713        0.399803    
     380       29.6020        0.870751        0.530213       -0.239408        0.428438    
     381       29.6799        0.908529        0.440461       -0.205122        0.450896    
     382       29.7578        0.939477        0.354678       -0.169289        0.468300    
     383       29.8357        0.963866        0.271912       -0.132271        0.481430    
     384       29.9136        0.981898        0.191356       -0.943793E-01    0.490825    
     385       29.9915        0.993718        0.112306       -0.558885E-01    0.496844    
     386       30.0694        0.999418        0.341204E-01   -0.170528E-01    0.499709    
     387       30.1473        0.999041       -0.438053E-01    0.218869E-01    0.499520    
     388       30.2252        0.992585       -0.122065        0.606931E-01    0.496272    
     389       30.3031        0.979999       -0.201266        0.991237E-01    0.489847    
     390       30.3810        0.961186       -0.282056        0.136923        0.480011    
     391       30.4589        0.935995       -0.365151        0.173811        0.466384    
     392       30.5368        0.904215       -0.451371        0.209473        0.448400    
     393       30.6147        0.865565       -0.541693        0.243538        0.425245    
     394       30.6926        0.819682       -0.637312        0.275561        0.395741    
     395       30.7705        0.766095       -0.739743        0.304985        0.358166    
     396       30.8484        0.704202       -0.850960        0.331088        0.309935    
     397       30.9263        0.633219       -0.973616        0.352894        0.247018    
     398       31.0042        0.552122        -1.11137        0.369024        0.162789    
     399       31.0821        0.459546        -1.26933        0.377409        0.455763E-01
     400       31.1600        0.353656        -1.45447        0.374702       -0.127224    
     401       31.2379        0.232038        -1.67397        0.354906       -0.405554    
     402       31.3158        0.921915E-01    -1.91474        0.305538       -0.922257    
     403       31.3937       -0.612445E-01    -1.90780        0.194659        -2.10024    
     404       31.4716       -0.139900        0.529384       -0.384001E-01    -3.42867    
     405       31.5495       -0.179010E-01     1.99427       -0.235896        -1.65134    
     406       31.6274        0.133776         1.84845       -0.323784       -0.736292    
     407       31.7053        0.268291         1.60806       -0.362792       -0.310816    
     408       31.7832        0.385171         1.39873       -0.376873       -0.704709E-01
     409       31.8611        0.487065         1.22210       -0.375979        0.831825E-01
     410       31.9390        0.576223         1.07050       -0.365129        0.189389    
     411       32.0169        0.654330        0.937476       -0.347216        0.266675    
     412       32.0948        0.722642        0.818385       -0.324073        0.324896    
     413       32.1727        0.782109        0.709894       -0.296942        0.369773    
     414       32.2506        0.833455        0.609573       -0.266716        0.404842    
     415       32.3285        0.877244        0.515594       -0.234062        0.432398    
     416       32.4064        0.913913        0.426546       -0.199503        0.453985    
     417       32.4843        0.943799        0.341304       -0.163459        0.470663    
     418       32.5622        0.967162        0.258941       -0.126282        0.483167    
     419       32.6401        0.984196        0.178670       -0.882764E-01    0.492003    
     420       32.7180        0.995035        0.997997E-01   -0.497141E-01    0.497508    
     421       32.7959        0.999765        0.216954E-01   -0.108458E-01    0.499882    
     422       32.8738        0.998420       -0.562438E-01    0.280886E-01    0.499209    
     423       32.9517        0.990991       -0.134612        0.668514E-01    0.495465    
     424       33.0296        0.977420       -0.214022        0.105199        0.488516    
     425       33.1075        0.957602       -0.295129        0.142872        0.478105    
     426       33.1854        0.931376       -0.378664        0.179587        0.463826    
     427       33.2633        0.898522       -0.465468        0.215021        0.445081    
     428       33.3412        0.858746       -0.556547        0.248793        0.421004    
     429       33.4191        0.811669       -0.653140        0.280443        0.390346    
     430       33.4970        0.756803       -0.756825        0.309391        0.351274    
     431       33.5749        0.693518       -0.869667        0.334882        0.301022    
     432       33.6528        0.620999       -0.994452        0.355889        0.235242    
     433       33.7307        0.538174        -1.13504        0.370947        0.146722    
     434       33.8086        0.443612        -1.29682        0.377834        0.225848E-01
     435       33.8865        0.335392        -1.48703        0.372906       -0.162562    
     436       33.9644        0.231191        -1.67551        0.354701       -0.407913    
     437       34.0423        0.912229E-01    -1.91617        0.305070       -0.927023    
     438       34.1202       -0.622083E-01    -1.90411        0.193594        -2.11185    
     439       34.1981       -0.139627        0.552482       -0.401323E-01    -3.42218    
     440       34.2760       -0.168924E-01     1.99493       -0.236729        -1.64235    
     441       34.3539        0.134710         1.84687       -0.324156       -0.732493    
     442       34.4318        0.269103         1.60658       -0.362948       -0.308822    
     443       34.5097        0.385878         1.39749       -0.376908       -0.692548E-01
     444       34.5876        0.487683         1.22105       -0.375937        0.839977E-01
     445       34.6655        0.576764         1.06958       -0.365033        0.189970    
     446       34.7434        0.654804        0.936662       -0.347081        0.267106    
     447       34.8213        0.723056        0.817649       -0.323908        0.325226    
     448       34.8992        0.782467        0.709219       -0.296755        0.370029    
     449       34.9771        0.833763        0.608944       -0.266511        0.405043    
     450       35.0550        0.877505        0.515001       -0.233844        0.432556    
     451       35.1329        0.914128        0.425981       -0.199273        0.454108    
     452       35.2108        0.943971        0.340760       -0.163221        0.470757    
     453       35.2887        0.967293        0.258414       -0.126037        0.483235    
     454       35.3666        0.984286        0.178155       -0.880276E-01    0.492049    
     455       35.4445        0.995086        0.992909E-01   -0.494625E-01    0.497534    
     456       35.5224        0.999776        0.211895E-01   -0.105930E-01    0.499888    
     457       35.6003        0.998391       -0.567505E-01    0.283410E-01    0.499195    
     458       35.6782        0.990923       -0.135124        0.671019E-01    0.495430    
     459       35.7561        0.977312       -0.214542        0.105446        0.488460    
     460       35.8340        0.957453       -0.295663        0.143114        0.478025    
     461       35.9119        0.931185       -0.379216        0.179822        0.463720    
     462       35.9898        0.898286       -0.466044        0.215246        0.444943    
     463       36.0677        0.858464       -0.557154        0.249006        0.420828    
     464       36.1456        0.811338       -0.653789        0.280640        0.390122    
     465       36.2235        0.756420       -0.757526        0.309569        0.350987    
     466       36.3014        0.693078       -0.870435        0.335034        0.300651    
     467       36.3793        0.620496       -0.995309        0.356008        0.234751    
     468       36.4572        0.537599        -1.13601        0.371021        0.146049    
     469       36.5351        0.442956        -1.29795        0.377845        0.216180E-01
     470       36.6130        0.334640        -1.48838        0.372823       -0.164059    
     471       36.6909        0.210147        -1.71371        0.349263       -0.468884    
     472       36.7688        0.672160E-01    -1.94929        0.292796        -1.05251    
     473       36.8467       -0.851496E-01    -1.77847        0.165520        -2.41491    
     474       36.9246       -0.129469         1.06393       -0.813368E-01    -3.19353    
     475       37.0025        0.793027E-02     1.99904       -0.255825        -1.43803    
     476       37.0804        0.157404         1.80787       -0.332697       -0.644665    
     477       37.1583        0.288832         1.57081       -0.366489       -0.262035    
     478       37.2362        0.403046         1.36737       -0.377587       -0.404414E-01
     479       37.3141        0.502687         1.19541       -0.374772        0.103429    
     480       37.3920        0.589908         1.04729       -0.362587        0.203875    
     481       37.4699        0.666313        0.916856       -0.343699        0.277463    
     482       37.5478        0.733099        0.799726       -0.319820        0.333150    
     483       37.6257        0.791173        0.692740       -0.292121        0.376196    
     484       37.7036        0.841230        0.593584       -0.261451        0.409884    
     485       37.7815        0.883811        0.500512       -0.228448        0.436359    
     486       37.8594        0.919333        0.412167       -0.193615        0.457069    
     487       37.9373        0.948121        0.327462       -0.157360        0.473010    
     488       38.0152        0.970422        0.245498       -0.120026        0.484876    
     489       38.0931        0.986420        0.165506       -0.819100E-01    0.493140    
     490       38.1710        0.990639        0.137227       -0.681320E-01    0.495287    
     491       38.2489        0.998271        0.588344E-01   -0.293791E-01    0.499134    
     492       38.3268        0.999817       -0.191094E-01    0.955340E-02    0.499909    
     493       38.4047        0.995290       -0.971987E-01    0.484277E-01    0.497637    
     494       38.4826        0.984655       -0.176034        0.870041E-01    0.492238    
     495       38.5605        0.967828       -0.256247        0.125032        0.483516    
     496       38.6384        0.944678       -0.338529        0.162241        0.471141    
     497       38.7163        0.915012       -0.423661        0.198328        0.454613    
     498       38.7942        0.878573       -0.512566        0.232943        0.433203    
     499       38.8721        0.835027       -0.606361        0.265668        0.405866    
     500       38.9500        0.783939       -0.706445        0.295985        0.371079    
     501       39.0279        0.724753       -0.814630        0.323231        0.326576    
     502       39.1058        0.656748       -0.933321        0.346524        0.268873    
     503       39.1837        0.578984        -1.06581        0.364636        0.192347    
     504       39.2616        0.490218        -1.21671        0.375759        0.873300E-01
     505       39.3395        0.388779        -1.39239        0.377047       -0.642898E-01
     506       39.4174        0.272438        -1.60052        0.363582       -0.300700    
     507       39.4953        0.138544        -1.84038        0.325663       -0.717063    
     508       39.5732       -0.127413E-01    -1.99719        0.240106        -1.60598    
     509       39.6511       -0.138380       -0.645888        0.472192E-01    -3.39284    
     510       39.7290       -0.661515E-01     1.88788       -0.189153        -2.16024    
     511       39.8069        0.872319E-01     1.92200       -0.303122       -0.946891    
     512       39.8848        0.227700         1.68186       -0.353842       -0.417711    
     513       39.9627        0.349887         1.46117       -0.374364       -0.134361    
     514       40.0406        0.456257         1.27499       -0.377521        0.409066E-01
     515       40.1185        0.549242         1.11625       -0.369441        0.159514    
     516       40.1964        0.630697        0.977921       -0.353530        0.244612    
     517       40.2743        0.701997        0.854830       -0.331887        0.308111    
     518       40.3522        0.764178        0.743281       -0.305910        0.356754    
     519       40.4301        0.818030        0.640593       -0.276583        0.394635    
     520       40.5080        0.864161        0.544774       -0.244636        0.424376    
     521       40.5859        0.903044        0.454297       -0.210631        0.447720    
     522       40.6638        0.935047        0.367957       -0.175016        0.465860    
     523       40.7417        0.960453        0.284773       -0.138163        0.479622    
     524       40.8196        0.979475        0.203918       -0.100390        0.489577    
     525       40.8975        0.992266        0.124675       -0.619759E-01    0.496110    
     526       40.9754        0.998925        0.463939E-01   -0.231782E-01    0.499462    
     527       41.0533        0.999503       -0.315334E-01    0.157608E-01    0.499751    
     528       41.1312        0.994005       -0.109701        0.546039E-01    0.496989    
     529       41.2091        0.982390       -0.188713        0.931100E-01    0.491077    
     530       41.2870        0.964566       -0.269207        0.131026        0.481799    
     531       41.3649        0.940391       -0.351888        0.168078        0.468800    
     532       41.4428        0.909664       -0.437556        0.203955        0.451549    
     533       41.5207        0.872117       -0.527159        0.238299        0.429275    
     534       41.5986        0.827401       -0.621854        0.270678        0.400868    
     535       41.6765        0.775063       -0.723096        0.300554        0.364707    
     536       41.7544        0.714524       -0.832775        0.327236        0.318375    
     537       41.8323        0.645033       -0.953418        0.349797        0.258122    
     538       41.9102        0.565608        -1.08850        0.366935        0.177849    
     539       41.9881        0.474946        -1.24286        0.376718        0.669366E-01
     540       42.0660        0.371297        -1.42320        0.376061       -0.948307E-01
     541       42.1439        0.252336        -1.63706        0.359540       -0.351066    
     542       42.2218        0.115449        -1.87867        0.316168       -0.814000    
     543       42.2997       -0.374160E-01    -1.97137        0.218761        -1.83718    
     544       42.3776       -0.142821       -0.594539E-01    0.424751E-02    -3.49912    
     545       42.4555       -0.421905E-01     1.96231       -0.214242        -1.88644    
     546       42.5334        0.110880         1.88599       -0.314168       -0.834373    
     547       42.6113        0.154698         1.81259       -0.331725       -0.654712    
     548       42.6892        0.286480         1.57507       -0.366093       -0.267456    
     549       42.7671        0.400998         1.37095       -0.377524       -0.438068E-01
     550       42.8450        0.500898         1.19847       -0.374925        0.101148    
     551       42.9229        0.588340         1.04995       -0.362891        0.202237    
     552       43.0008        0.664940        0.919223       -0.344113        0.276240    
     553       43.0787        0.731901        0.801870       -0.320317        0.332213    
     554       43.1566        0.790135        0.694713       -0.292683        0.375466    
     555       43.2345        0.840341        0.595425       -0.262063        0.409311    
     556       43.3124        0.883061        0.502250       -0.229100        0.435909    
     557       43.3903        0.918715        0.413825       -0.194298        0.456719    
     558       43.4682        0.947630        0.329059       -0.158067        0.472744    
     559       43.5461        0.970054        0.247050       -0.120751        0.484683    
     560       43.6240        0.986172        0.167027       -0.826473E-01    0.493013    
     561       43.7019        0.996110        0.883071E-01   -0.440247E-01    0.498049    
     562       43.7798        0.999947        0.102641E-01   -0.513187E-02    0.499974    
     563       43.8577        0.997712       -0.677006E-01    0.337922E-01    0.498854    
     564       43.9356        0.989386       -0.146183        0.725096E-01    0.494650    
     565       44.0135        0.974907       -0.225799        0.110775        0.487213    
     566       44.0914        0.954160       -0.307215        0.148326        0.476264    
     567       44.1693        0.926977       -0.391173        0.184875        0.461373    
     568       44.2472        0.893127       -0.478536        0.220090        0.441907    
     569       44.3251        0.852306       -0.570340        0.253582        0.416954    
     570       44.4030        0.804120       -0.667866        0.284875        0.385194    
     571       44.4809        0.748062       -0.772751        0.313368        0.344683    
     572       44.5588        0.683479       -0.887149        0.338274        0.292475    
     573       44.6367        0.609522        -1.01398        0.358514        0.223904    
     574       44.7146        0.525074        -1.15729        0.372536        0.131157    
     575       44.7925        0.428643        -1.32275        0.377964        0.108906E-03
     576       44.8704        0.318221        -1.51781        0.370850       -0.197592    
     577       44.9483        0.191241        -1.74782        0.343824       -0.527829    
     578       45.0262        0.457834E-01    -1.97390        0.280627        -1.17796    
     579       45.1041       -0.103658        -1.59735        0.137577        -2.70353    
     580       45.1820       -0.115876         1.40741       -0.114770        -2.92098    
     581       45.2599        0.297169E-01     1.98805       -0.270661        -1.28172    
     582       45.3378        0.176964         1.77336       -0.339353       -0.575236    
     583       45.4157        0.305823         1.54012       -0.369141       -0.224056    
     584       45.4936        0.417841         1.34154       -0.377898       -0.166665E-01
     585       45.5715        0.515625         1.17337       -0.373553        0.119632    
     586       45.6494        0.601243         1.02805       -0.360296        0.215552    
     587       45.7273        0.676234        0.899713       -0.340620        0.286202    
     588       45.8052        0.741749        0.784173       -0.316144        0.339857    
     589       45.8831        0.798661        0.678409       -0.287983        0.381425    
     590       45.9610        0.847641        0.580200       -0.256951        0.413993    
     591       46.0389        0.889209        0.487866       -0.223664        0.439584    
     592       46.1168        0.923769        0.400092       -0.188609        0.459573    
     593       46.1947        0.951634        0.315822       -0.152183        0.474907    
     594       46.2726        0.973042        0.234178       -0.114722        0.486243    
     595       46.3505        0.988167        0.154407       -0.765182E-01    0.494031    
     596       46.4284        0.997130        0.758357E-01   -0.378362E-01    0.498562    
     597       46.5063        0.999998       -0.215497E-02    0.107748E-02    0.499999    
     598       46.5842        0.996794       -0.801621E-01    0.399846E-01    0.498393    
     599       46.6621        0.987493       -0.158783        0.786467E-01    0.493687    
     600       46.7400        0.972023       -0.238640        0.116816        0.485712    
     601       46.8179        0.950263       -0.320408        0.154228        0.474168    
     602       46.8958        0.922034       -0.404848        0.190587        0.458596    
     603       46.9737        0.887095       -0.492844        0.225556        0.438325    
     604       47.0516        0.845129       -0.585467        0.258732        0.412388    
     605       47.1295        0.795725       -0.684045        0.289623        0.379383    
     606       47.2074        0.738356       -0.790286        0.317603        0.337239    
     607       47.2853        0.672342       -0.906447        0.341847        0.282794    
     608       47.3632        0.596796        -1.03560        0.361215        0.211005    
     609       47.4411        0.510549        -1.18201        0.374055        0.113334    
     610       47.5190        0.412037        -1.35165        0.377806       -0.258803E-01
     611       47.5969        0.299159        -1.55214        0.368144       -0.238708    
     612       47.6748        0.169292        -1.78698        0.336817       -0.601825    
     613       47.7527        0.211359E-01    -1.99367        0.265010        -1.34099    
     614       47.8306       -0.121682        -1.28434        0.101937        -3.03312    
     615       47.9085       -0.142802       -0.731923E-01    0.522952E-02    -3.49866    
     616       47.9864       -0.427411E-01     1.96116       -0.213712        -1.89222    
     617       48.0643        0.110351         1.88683       -0.313933       -0.836761    
     618       48.1422        0.247891         1.64514       -0.358573       -0.362671    
     619       48.2201        0.367433         1.43003       -0.375795       -0.101785    
     620       48.2980        0.471572         1.24865       -0.376893        0.623274E-01
     621       48.3759        0.562653         1.09351       -0.367412        0.174588    
     622       48.4538        0.642445        0.957848       -0.350493        0.255713    
     623       48.5317        0.712263        0.836768       -0.328096        0.316541    
     624       48.6096        0.773100        0.726754       -0.301539        0.363284    
     625       48.6875        0.825712        0.625254       -0.271762        0.399752    
     626       48.7654        0.870686        0.530358       -0.239460        0.428398    
     627       48.8433        0.908475        0.440599       -0.205177        0.450865    
     628       48.9212        0.939434        0.354811       -0.169347        0.468276    
     629       48.9991        0.963833        0.272040       -0.132331        0.481412    
     630       49.0770        0.981875        0.191482       -0.944395E-01    0.490813    
     631       49.1549        0.993705        0.112430       -0.559495E-01    0.496837    
     632       49.2328        0.999414        0.342433E-01   -0.171141E-01    0.499707    
     633       49.3107        0.999047       -0.436824E-01    0.218256E-01    0.499523    
     634       49.3886        0.992600       -0.121941        0.606322E-01    0.496279    
     635       49.4665        0.980024       -0.201141        0.990635E-01    0.489860    
     636       49.5444        0.961221       -0.281928        0.136864        0.480029    
     637       49.6223        0.936040       -0.365018        0.173754        0.466408    
     638       49.7002        0.904270       -0.451232        0.209417        0.448433    
     639       49.7781        0.865631       -0.541546        0.243486        0.425286    
     640       49.8560        0.819760       -0.637156        0.275513        0.395793    
     641       49.9339        0.766186       -0.739575        0.304942        0.358233    
     642       50.0118        0.704306       -0.850777        0.331050        0.310022    
     643       50.0897        0.633339       -0.973412        0.352864        0.247132    
     644       50.1676        0.552258        -1.11113        0.369004        0.162944    
     645       50.2455        0.459701        -1.26906        0.377403        0.457965E-01
     646       50.3234        0.353835        -1.45415        0.374718       -0.126887    
     647       50.4013        0.232244        -1.67360        0.354956       -0.404983    
     648       50.4792        0.924265E-01    -1.91439        0.305651       -0.921104    
     649       50.5571       -0.610102E-01    -1.90868        0.194917        -2.09743    
     650       50.6350       -0.139965        0.523754       -0.379790E-01    -3.43020    
     651       50.7129       -0.181458E-01     1.99410       -0.235693        -1.65352    
     652       50.7908        0.133549         1.84883       -0.323694       -0.737217    
     653       50.8687        0.268093         1.60841       -0.362753       -0.311301    
     654       50.9466        0.384999         1.39903       -0.376864       -0.707667E-01
     655       51.0245        0.486915         1.22236       -0.375989        0.829843E-01
     656       51.1024        0.576091         1.07072       -0.365152        0.189248    
     657       51.1803        0.654215        0.937673       -0.347249        0.266570    
     658       51.2582        0.722542        0.818563       -0.324113        0.324816    
     659       51.3361        0.782021        0.710058       -0.296988        0.369710    
     660       51.4140        0.833380        0.609725       -0.266766        0.404793    
     661       51.4919        0.877181        0.515738       -0.234115        0.432360    
     662       51.5698        0.913860        0.426683       -0.199559        0.453955    
     663       51.6477        0.943757        0.341435       -0.163516        0.470640    
     664       51.7256        0.967131        0.259069       -0.126341        0.483150    
     665       51.8035        0.984174        0.178796       -0.883368E-01    0.491992    
     666       51.8814        0.995023        0.999233E-01   -0.497752E-01    0.497502    
     667       51.9593        0.999762        0.218182E-01   -0.109072E-01    0.499881    
     668       52.0372        0.998427       -0.561207E-01    0.280273E-01    0.499212    
     669       52.1151        0.991007       -0.134488        0.667905E-01    0.495473    
     670       52.1930        0.977447       -0.213896        0.105139        0.488529    
     671       52.2709        0.957638       -0.295000        0.142814        0.478124    
     672       52.3488        0.931423       -0.378530        0.179530        0.463852    
     673       52.4267        0.898579       -0.465328        0.214966        0.445114    
     674       52.5046        0.858814       -0.556399        0.248741        0.421047    
     675       52.5825        0.811749       -0.652983        0.280395        0.390400    
     676       52.6604        0.756896       -0.756655        0.309348        0.351343    
     677       52.7383        0.693625       -0.869481        0.334845        0.301112    
     678       52.8162        0.621121       -0.994244        0.355860        0.235361    
     679       52.8941        0.538313        -1.13480        0.370929        0.146885    
     680       52.9720        0.443771        -1.29654        0.377831        0.228193E-01
     681       53.0499        0.335574        -1.48670        0.372926       -0.162199    
     682       53.1278        0.231351        -1.67522        0.354740       -0.407468    
     683       53.2057        0.914055E-01    -1.91590        0.305159       -0.926122    
     684       53.2836       -0.620268E-01    -1.90481        0.193796        -2.10966    
     685       53.3615       -0.139679        0.548138       -0.398059E-01    -3.42342    
     686       53.4394       -0.170826E-01     1.99481       -0.236572        -1.64404    
     687       53.5173        0.134534         1.84717       -0.324086       -0.733208    
     688       53.5952        0.268950         1.60686       -0.362919       -0.309198    
     689       53.6731        0.385745         1.39772       -0.376901       -0.694838E-01
     690       53.7510        0.487567         1.22124       -0.375945        0.838442E-01
     691       53.8289        0.576662         1.06975       -0.365051        0.189861    
     692       53.9068        0.654714        0.936815       -0.347107        0.267025    
     693       53.9847        0.722978        0.817788       -0.323939        0.325164    
     694       54.0626        0.782400        0.709346       -0.296790        0.369981    
     695       54.1405        0.833705        0.609062       -0.266550        0.405005    
     696       54.2184        0.877456        0.515113       -0.233885        0.432526    
     697       54.2963        0.914088        0.426088       -0.199317        0.454085    
     698       54.3742        0.943939        0.340863       -0.163266        0.470739    
     699       54.4521        0.967269        0.258513       -0.126084        0.483222    
     700       54.5300        0.984269        0.178252       -0.880745E-01    0.492041    
     701       54.6079        0.995076        0.993869E-01   -0.495099E-01    0.497529    
     702       54.6858        0.999774        0.212849E-01   -0.106407E-01    0.499887    
     703       54.7637        0.998397       -0.566549E-01    0.282934E-01    0.499197    
     704       54.8416        0.990936       -0.135027        0.670546E-01    0.495437    
     705       54.9195        0.977332       -0.214444        0.105399        0.488470    
     706       54.9974        0.957481       -0.295562        0.143068        0.478040    
     707       55.0753        0.931221       -0.379111        0.179778        0.463740    
     708       55.1532        0.898331       -0.465935        0.215203        0.444969    
     709       55.2311        0.858517       -0.557040        0.248966        0.420861    
     710       55.3090        0.811401       -0.653666        0.280603        0.390164    
     711       55.3869        0.756492       -0.757394        0.309535        0.351042    
     712       55.4648        0.693161       -0.870290        0.335006        0.300721    
     713       55.5427        0.620591       -0.995147        0.355986        0.234843    
     714       55.6206        0.537708        -1.13583        0.371007        0.146176    
     715       55.6985        0.443080        -1.29774        0.377843        0.218006E-01
     716       55.7764        0.334782        -1.48812        0.372839       -0.163777    
     717       55.8543        0.210310        -1.71341        0.349307       -0.468392    
     718       55.9322        0.674020E-01    -1.94906        0.292896        -1.05148    
     719       56.0101       -0.849799E-01    -1.77972        0.165750        -2.41246    
     720       56.0880       -0.129570         1.06047       -0.810319E-01    -3.19570    
     721       56.1659        0.773952E-02     1.99908       -0.255688        -1.43949    
     722       56.2438        0.157232         1.80817       -0.332635       -0.645302    
     723       56.3217        0.288682         1.57108       -0.366464       -0.262379    
     724       56.3996        0.402915         1.36759       -0.377583       -0.406554E-01
     725       56.4775        0.502573         1.19561       -0.374782        0.103284    
     726       56.5554        0.589808         1.04746       -0.362606        0.203771    
     727       56.6333        0.666225        0.917007       -0.343726        0.277385    
     728       56.7112        0.733022        0.799863       -0.319852        0.333090    
     729       56.7891        0.791106        0.692866       -0.292157        0.376150    
     730       56.8670        0.841174        0.593701       -0.261490        0.409848    
     731       56.9449        0.883763        0.500622       -0.228490        0.436331    
     732       57.0228        0.919293        0.412273       -0.193659        0.457047    
     733       57.1007        0.948089        0.327564       -0.157405        0.472993    
     734       57.1786        0.970399        0.245597       -0.120072        0.484863    
     735       57.2565        0.986404        0.165603       -0.819570E-01    0.493132    
     736       57.3344        0.990626        0.137324       -0.681792E-01    0.495280    
     737       57.4123        0.998266        0.589298E-01   -0.294266E-01    0.499132    
     738       57.4902        0.999819       -0.190142E-01    0.950582E-02    0.499910    
     739       57.5681        0.995299       -0.971030E-01    0.483803E-01    0.497641    
     740       57.6460        0.984671       -0.175937        0.869573E-01    0.492246    
     741       57.7239        0.967853       -0.256148        0.124986        0.483529    
     742       57.8018        0.944710       -0.338427        0.162196        0.471159    
     743       57.8797        0.915052       -0.423555        0.198285        0.454636    
     744       57.9576        0.878622       -0.512455        0.232902        0.433233    
     745       58.0355        0.835085       -0.606243        0.265629        0.405904    
     746       58.1134        0.784007       -0.706319        0.295949        0.371126    
     747       58.1913        0.724831       -0.814492        0.323200        0.326637    
     748       58.2692        0.656837       -0.933169        0.346498        0.268953    
     749       58.3471        0.579086        -1.06564        0.364617        0.192455    
     750       58.4250        0.490334        -1.21651        0.375750        0.874818E-01
     751       58.5029        0.388912        -1.39215        0.377053       -0.640639E-01
     752       58.5808        0.272591        -1.60025        0.363611       -0.300331    
     753       58.6587        0.138719        -1.84009        0.325731       -0.716364    
     754       58.7366       -0.125511E-01    -1.99728        0.240259        -1.60434    
     755       58.8145       -0.138319       -0.650101        0.475422E-01    -3.39139    
     756       58.8924       -0.663312E-01     1.88709       -0.188947        -2.16248    
     757       58.9703        0.870489E-01     1.92226       -0.303032       -0.947811    
     758       59.0482        0.227540         1.68215       -0.353802       -0.418163    
     759       59.1261        0.349748         1.46142       -0.374351       -0.134626    
     760       59.2040        0.456135         1.27520       -0.377525        0.407335E-01
     761       59.2819        0.549136         1.11643       -0.369456        0.159392    
     762       59.3598        0.630604        0.978080       -0.353553        0.244522    
     763       59.4377        0.701916        0.854973       -0.331916        0.308043    
     764       59.5156        0.764107        0.743411       -0.305944        0.356701    
     765       59.5935        0.817969        0.640714       -0.276621        0.394594    
     766       59.6714        0.864109        0.544887       -0.244677        0.424343    
     767       59.7493        0.903001        0.454405       -0.210674        0.447695    
     768       59.8272        0.935012        0.368061       -0.175061        0.465841    
     769       59.9051        0.960426        0.284873       -0.138209        0.479608    
     770       59.9830        0.979456        0.204016       -0.100436        0.489567    
     771       60.0609        0.992254        0.124771       -0.620232E-01    0.496104    
     772       60.1388        0.998920        0.464893E-01   -0.232258E-01    0.499460    
     773       60.2167        0.999506       -0.314381E-01    0.157132E-01    0.499753    
     774       60.2946        0.994016       -0.109605        0.545565E-01    0.496994    
     775       60.3725        0.982408       -0.188615        0.930633E-01    0.491086    
     776       60.4504        0.964591       -0.269108        0.130980        0.481813    
     777       60.5283        0.940424       -0.351785        0.168033        0.468819    
     778       60.6062        0.909706       -0.437449        0.203912        0.451573    
     779       60.6841        0.872168       -0.527047        0.238258        0.429306    
     780       60.7620        0.827460       -0.621734        0.270639        0.400907    
     781       60.8399        0.775132       -0.722967        0.300519        0.364757    
     782       60.9178        0.714603       -0.832634        0.327206        0.318439    
     783       60.9957        0.645124       -0.953262        0.349772        0.258207    
     784       61.0736        0.565711        -1.08832        0.366918        0.177963    
     785       61.1515        0.475064        -1.24266        0.376711        0.670977E-01
     786       61.2294        0.371432        -1.42296        0.376070       -0.945880E-01
     787       61.3073        0.252491        -1.63677        0.359573       -0.350662    
     788       61.3852        0.115628        -1.87838        0.316246       -0.813211    
     789       61.4631       -0.372281E-01    -1.97170        0.218936        -1.83527    
     790       61.5410       -0.142815       -0.641188E-01    0.458092E-02    -3.49897    
     791       61.6189       -0.423775E-01     1.96192       -0.214063        -1.88840    
     792       61.6968        0.110700         1.88627       -0.314088       -0.835183    
     793       61.7747        0.154502         1.81293       -0.331655       -0.655441    
     794       61.8526        0.286311         1.57537       -0.366064       -0.267849    
     795       61.9305        0.400851         1.37121       -0.377519       -0.440502E-01
     796       62.0084        0.500768         1.19869       -0.374936        0.100983    
     797       62.0863        0.588227         1.05014       -0.362912        0.202119    
     798       62.1642        0.664841        0.919394       -0.344143        0.276152    
     799       62.2421        0.731815        0.802025       -0.320353        0.332145    
     800       62.3200        0.790060        0.694856       -0.292724        0.375413    
     801       62.3979        0.840277        0.595558       -0.262107        0.409270    
     802       62.4758        0.883007        0.502375       -0.229147        0.435877    
     803       62.5537        0.918670        0.413945       -0.194348        0.456694    
     804       62.6316        0.947594        0.329174       -0.158118        0.472725    
     805       62.7095        0.970027        0.247162       -0.120803        0.484669    
     806       62.7874        0.986154        0.167136       -0.827004E-01    0.493004    
     807       62.8653        0.996101        0.884153E-01   -0.440784E-01    0.498045    
     808       62.9432        0.999946        0.103719E-01   -0.518574E-02    0.499973    
     809       63.0211        0.997719       -0.675926E-01    0.337385E-01    0.498857    
     810       63.0990        0.989402       -0.146074        0.724563E-01    0.494658    
     811       63.1769        0.974931       -0.225688        0.110722        0.487225    
     812       63.2548        0.954193       -0.307100        0.148275        0.476282    
     813       63.3327        0.927019       -0.391054        0.184825        0.461397    
     814       63.4106        0.893179       -0.478413        0.220042        0.441938    
     815       63.4885        0.852367       -0.570209        0.253537        0.416993    
     816       63.5664        0.804192       -0.667726        0.284833        0.385243    
     817       63.6443        0.748145       -0.772600        0.313331        0.344746    
     818       63.7222        0.683574       -0.886983        0.338243        0.292557    
     819       63.8001        0.609631        -1.01379        0.358490        0.224013    
     820       63.8780        0.525199        -1.15708        0.372522        0.131308    
     821       63.9559        0.428785        -1.32250        0.377964        0.327078E-03
     822       64.0338        0.318385        -1.51751        0.370871       -0.197250    
     823       64.1117        0.191429        -1.74748        0.343880       -0.527221    
     824       64.1896        0.459961E-01    -1.97369        0.280754        -1.17665    
     825       64.2675       -0.103486        -1.59953        0.137868        -2.70063    
     826       64.3454       -0.116028         1.40453       -0.114455        -2.92383    
     827       64.4233        0.295026E-01     1.98821       -0.270523        -1.28317    
     828       64.5012        0.176773         1.77370       -0.339291       -0.575889    
     829       64.5791        0.305657         1.54042       -0.369117       -0.224417    
     830       64.6570        0.417696         1.34179       -0.377896       -0.168943E-01
     831       64.7349        0.515498         1.17358       -0.373566        0.119476    
     832       64.8128        0.601132         1.02824       -0.360319        0.215439    
     833       64.8907        0.676137        0.899881       -0.340651        0.286117    
     834       64.9686        0.741665        0.784325       -0.316181        0.339792    
     835       65.0465        0.798588        0.678549       -0.288024        0.381375    
     836       65.1244        0.847579        0.580332       -0.256995        0.413953    
     837       65.2023        0.889156        0.487990       -0.223711        0.439553    
     838       65.2802        0.923726        0.400211       -0.188658        0.459549    
     839       65.3581        0.951600        0.315937       -0.152234        0.474888    
     840       65.4360        0.973017        0.234290       -0.114774        0.486230    
     841       65.5139        0.988151        0.154516       -0.765714E-01    0.494022    
     842       65.5918        0.997122        0.759439E-01   -0.378900E-01    0.498558    
     843       65.6697        0.999998       -0.204716E-02    0.102358E-02    0.499999    
     844       65.7476        0.996802       -0.800538E-01    0.399309E-01    0.498397    
     845       65.8255        0.987510       -0.158673        0.785935E-01    0.493696    
     846       65.9034        0.972049       -0.238528        0.116764        0.485725    
     847       65.9813        0.950297       -0.320293        0.154177        0.474186    
     848       66.0592        0.922078       -0.404729        0.190538        0.458621    
     849       66.1371        0.887149       -0.492720        0.225508        0.438357    
     850       66.2150        0.845192       -0.585335        0.258687        0.412429    
     851       66.2929        0.795799       -0.683904        0.289582        0.379435    
     852       66.3708        0.738442       -0.790133        0.317567        0.337305    
     853       66.4487        0.672440       -0.906278        0.341816        0.282880    
     854       66.5266        0.596907        -1.03541        0.361192        0.211119    
     855       66.6045        0.510676        -1.18180        0.374043        0.113493    
     856       66.6824        0.412183        -1.35140        0.377809       -0.256472E-01
     857       66.7603        0.299327        -1.55184        0.368170       -0.238336    
     858       66.8382        0.169485        -1.78663        0.336882       -0.601148    
     859       66.9161        0.213509E-01    -1.99355        0.265155        -1.33947    
     860       66.9940       -0.121544        -1.28762        0.102264        -3.03037    
     861       67.0719       -0.142797       -0.770121E-01    0.550261E-02    -3.49852    
     862       67.1498       -0.428942E-01     1.96084       -0.213564        -1.89383    
     863       67.2277        0.110203         1.88706       -0.313868       -0.837426    
     864       67.3056        0.247763         1.64537       -0.358545       -0.363009    
     865       67.3835        0.367322         1.43023       -0.375787       -0.101987    
     866       67.4614        0.471475         1.24882       -0.376898        0.621936E-01
     867       67.5393        0.562568         1.09365       -0.367426        0.174494    
     868       67.6172        0.642370        0.957976       -0.350513        0.255643    
     869       67.6951        0.712198        0.836883       -0.328120        0.316487    
     870       67.7730        0.773043        0.726860       -0.301568        0.363243    
     871       67.8509        0.825663        0.625352       -0.271793        0.399720    
     872       67.9288        0.870644        0.530450       -0.239494        0.428373    
     873       68.0067        0.908441        0.440686       -0.205212        0.450845    
     874       68.0846        0.939406        0.354895       -0.169383        0.468261    
     875       68.1625        0.963811        0.272122       -0.132368        0.481401    
     876       68.2404        0.981860        0.191562       -0.944779E-01    0.490805    
     877       68.3183        0.993696        0.112509       -0.559883E-01    0.496833    
     878       68.3962        0.999411        0.343214E-01   -0.171531E-01    0.499705    
     879       68.4741        0.999050       -0.436043E-01    0.217866E-01    0.499525    
     880       68.5520        0.992609       -0.121862        0.605934E-01    0.496284    
     881       68.6299        0.980039       -0.201061        0.990253E-01    0.489868    
     882       68.7078        0.961243       -0.281846        0.136826        0.480041    
     883       68.7857        0.936068       -0.364933        0.173717        0.466424    
     884       68.8636        0.904305       -0.451144        0.209382        0.448453    
     885       68.9415        0.865674       -0.541454        0.243452        0.425312    
     886       69.0194        0.819810       -0.637057        0.275482        0.395826    
     887       69.0973        0.766244       -0.739469        0.304914        0.358275    
     888       69.1752        0.704373       -0.850660        0.331026        0.310077    
     889       69.2531        0.633415       -0.973282        0.352845        0.247204    
     890       69.3310        0.552345        -1.11099        0.368991        0.163042    
     891       69.4089        0.459801        -1.26889        0.377400        0.459366E-01
     892       69.4868        0.353948        -1.45395        0.374728       -0.126674    
     893       69.5647        0.232374        -1.67336        0.354988       -0.404620    
     894       69.6426        0.925761E-01    -1.91417        0.305723       -0.920371    
     895       69.7205       -0.608611E-01    -1.90924        0.195081        -2.09564    
     896       69.7984       -0.140006        0.520167       -0.377110E-01    -3.43117    
     897       69.8763       -0.183016E-01     1.99399       -0.235564        -1.65492    
     898       69.9542        0.133404         1.84907       -0.323636       -0.737807    
     899       70.0321        0.267968         1.60864       -0.362729       -0.311610    
     900       70.1100        0.384890         1.39922       -0.376859       -0.709551E-01
     901       70.1879        0.486820         1.22252       -0.375996        0.828581E-01
     902       70.2658        0.576008         1.07086       -0.365167        0.189158    
     903       70.3437        0.654141        0.937799       -0.347270        0.266503    
     904       70.4216        0.722478        0.818677       -0.324138        0.324765    
     905       70.4995        0.781966        0.710163       -0.297017        0.369671    
     906       70.5774        0.833333        0.609823       -0.266797        0.404761    
     907       70.6553        0.877141        0.515829       -0.234149        0.432335    
     908       70.7332        0.913827        0.426770       -0.199594        0.453936    
     909       70.8111        0.943730        0.341519       -0.163553        0.470625    
     910       70.8890        0.967110        0.259150       -0.126379        0.483139    
     911       70.9669        0.984160        0.178876       -0.883752E-01    0.491985    
     912       71.0448        0.995015        0.100002       -0.498140E-01    0.497498    
     913       71.1227        0.999760        0.218964E-01   -0.109462E-01    0.499880    
     914       71.2006        0.998431       -0.560424E-01    0.279882E-01    0.499215    
     915       71.2785        0.991018       -0.134409        0.667518E-01    0.495478    
     916       71.3564        0.977463       -0.213815        0.105101        0.488538    
     917       71.4343        0.957661       -0.294917        0.142776        0.478136    
     918       71.5122        0.931452       -0.378444        0.179494        0.463869    
     919       71.5901        0.898615       -0.465239        0.214931        0.445136    
     920       71.6680        0.858857       -0.556305        0.248708        0.421074    
     921       71.7459        0.811800       -0.652883        0.280364        0.390435    
     922       71.8238        0.756955       -0.756547        0.309320        0.351388    
     923       71.9017        0.693693       -0.869362        0.334822        0.301169    
     924       71.9796        0.621199       -0.994112        0.355842        0.235437    
     925       72.0575        0.538402        -1.13465        0.370917        0.146989    
     926       72.1354        0.443873        -1.29637        0.377829        0.229686E-01
     927       72.2133        0.335691        -1.48650        0.372938       -0.161969    
     928       72.2912        0.231453        -1.67504        0.354764       -0.407184    
     929       72.3691        0.915218E-01    -1.91573        0.305215       -0.925550    
     930       72.4470       -0.619111E-01    -1.90526        0.193924        -2.10826    
     931       72.5249       -0.139712        0.545370       -0.395981E-01    -3.42421    
     932       72.6028       -0.172036E-01     1.99473       -0.236472        -1.64512    
     933       72.6807        0.134422         1.84736       -0.324041       -0.733664    
     934       72.7586        0.268853         1.60703       -0.362900       -0.309437    
     935       72.8365        0.385660         1.39787       -0.376897       -0.696297E-01
     936       72.9144        0.487492         1.22137       -0.375950        0.837464E-01
     937       72.9923        0.576597         1.06986       -0.365063        0.189791    
     938       73.0702        0.654657        0.936913       -0.347123        0.266973    
     939       73.1481        0.722928        0.817876       -0.323959        0.325124    
     940       73.2260        0.782357        0.709427       -0.296813        0.369950    
     941       73.3039        0.833668        0.609138       -0.266574        0.404981    
     942       73.3818        0.877425        0.515184       -0.233911        0.432508    
     943       73.4597        0.914062        0.426156       -0.199344        0.454070    
     944       73.5376        0.943918        0.340928       -0.163294        0.470728    
     945       73.6155        0.967253        0.258576       -0.126113        0.483214    
     946       73.6934        0.984258        0.178314       -0.881044E-01    0.492035    
     947       73.7713        0.995070        0.994480E-01   -0.495401E-01    0.497526    
     948       73.8492        0.999772        0.213457E-01   -0.106710E-01    0.499886    
     949       73.9271        0.998400       -0.565941E-01    0.282631E-01    0.499199    
     950       74.0050        0.990944       -0.134966        0.670245E-01    0.495441    
     951       74.0829        0.977345       -0.214382        0.105370        0.488477    
     952       74.1608        0.957499       -0.295498        0.143039        0.478050    
     953       74.2387        0.931244       -0.379045        0.179749        0.463753    
     954       74.3166        0.898359       -0.465866        0.215176        0.444986    
     955       74.3945        0.858551       -0.556967        0.248940        0.420882    
     956       74.4724        0.811440       -0.653589        0.280579        0.390191    
     957       74.5503        0.756538       -0.757310        0.309514        0.351076    
     958       74.6282        0.693214       -0.870198        0.334987        0.300765    
     959       74.7061        0.620652       -0.995044        0.355971        0.234902    
     960       74.7840        0.537777        -1.13571        0.370998        0.146257    
     961       74.8619        0.443159        -1.29760        0.377841        0.219168E-01
     962       74.9398        0.334872        -1.48796        0.372849       -0.163597    
     963       75.0177        0.210414        -1.71322        0.349336       -0.468079    
     964       75.0956        0.675204E-01    -1.94891        0.292960        -1.05082    
     965       75.1735       -0.848717E-01    -1.78052        0.165897        -2.41090    
     966       75.2514       -0.129635         1.05827       -0.808377E-01    -3.19708    
     967       75.3293        0.761804E-02     1.99911       -0.255600        -1.44042    
     968       75.4072        0.157122         1.80837       -0.332596       -0.645708    
     969       75.4851        0.288587         1.57125       -0.366448       -0.262598    
     970       75.5630        0.402832         1.36774       -0.377581       -0.407917E-01
     971       75.6409        0.502501         1.19573       -0.374788        0.103191    
     972       75.7188        0.589744         1.04756       -0.362619        0.203705    
     973       75.7967        0.666169        0.917103       -0.343743        0.277335    
     974       75.8746        0.732974        0.799950       -0.319872        0.333052    
     975       75.9525        0.791064        0.692946       -0.292180        0.376120    
     976       76.0304        0.841138        0.593776       -0.261515        0.409825    
     977       76.1083        0.883732        0.500693       -0.228516        0.436313    
     978       76.1862        0.919268        0.412340       -0.193687        0.457032    
     979       76.2641        0.948069        0.327629       -0.157434        0.472982    
     980       76.3420        0.970384        0.245660       -0.120102        0.484855    
     981       76.4199        0.986394        0.165665       -0.819870E-01    0.493127    
     982       76.4978        0.990618        0.137385       -0.682092E-01    0.495276    
     983       76.5757        0.998262        0.589905E-01   -0.294568E-01    0.499130    
     984       76.6536        0.999820       -0.189536E-01    0.947551E-02    0.499910    
     985       76.7315        0.995305       -0.970420E-01    0.483502E-01    0.497644    
     986       76.8094        0.984682       -0.175875        0.869274E-01    0.492252    
     987       76.8873        0.967868       -0.256085        0.124957        0.483537    
     988       76.9652        0.944730       -0.338361        0.162168        0.471170    
     989       77.0431        0.915078       -0.423488        0.198258        0.454650    
     990       77.1210        0.878653       -0.512384        0.232876        0.433252    
     991       77.1989        0.835122       -0.606167        0.265605        0.405928    
     992       77.2768        0.784049       -0.706238        0.295927        0.371157    
     993       77.3547        0.724880       -0.814404        0.323180        0.326676    
     994       77.4326        0.656893       -0.933071        0.346482        0.269005    
     995       77.5105        0.579150        -1.06553        0.364606        0.192524    
     996       77.5884        0.490407        -1.21639        0.375745        0.875785E-01
     997       77.6663        0.388996        -1.39200        0.377057       -0.639200E-01
     998       77.7442        0.272688        -1.60007        0.363629       -0.300096    
     999       77.8221        0.138831        -1.83990        0.325775       -0.715918    
    1000       77.9000       -0.124299E-01    -1.99733        0.240356        -1.60329    
