   1.000000000000000       0.000000000000000       1.000000000000000    
   1.000000000000000       0.000000000000000       0.000000000000000    
   1.000000000000000       0.000000000000000      0.5000000000000000    
   1.000000000000000       1.000000000000000       0.000000000000000    
   1.000000000000000      0.5000000000000000       0.000000000000000    
   1.000000000000000       1.000000000000000       1.000000000000000    
   1.000000000000000       1.000000000000000      0.5000000000000000    
   1.000000000000000      0.5000000000000000       1.000000000000000    
   1.000000000000000      0.7075650000000000      0.7075660000000000    
   1.000000000000000      0.2924330000000000      0.2924340000000000    
   1.000000000000000      0.6529650000000000      0.3470340000000000    
   1.000000000000000      0.3470330000000000      0.6529660000000000    
   0.000000000000000       1.000000000000000       0.000000000000000    
  0.5000000000000000       1.000000000000000       0.000000000000000    
   0.000000000000000       1.000000000000000       1.000000000000000    
   0.000000000000000       1.000000000000000      0.5000000000000000    
  0.5000000000000000       1.000000000000000       1.000000000000000    
  0.2924350000000000       1.000000000000000      0.7075660000000000    
  0.7075669999999999       1.000000000000000      0.2924340000000000    
  0.3470350000000000       1.000000000000000      0.3470340000000000    
  0.6529670000000000       1.000000000000000      0.6529660000000000    
   0.000000000000000       0.000000000000000       0.000000000000000    
   0.000000000000000      0.5000000000000000       0.000000000000000    
   0.000000000000000       0.000000000000000       1.000000000000000    
   0.000000000000000       0.000000000000000      0.5000000000000000    
   0.000000000000000      0.5000000000000000       1.000000000000000    
   0.000000000000000      0.2924350000000000      0.7075660000000000    
   0.000000000000000      0.7075669999999999      0.2924340000000000    
   0.000000000000000      0.3470350000000000      0.3470340000000000    
   0.000000000000000      0.6529670000000000      0.6529660000000000    
  0.5000000000000000       0.000000000000000       0.000000000000000    
  0.5000000000000000       0.000000000000000       1.000000000000000    
  0.7075650000000000       0.000000000000000      0.7075660000000000    
  0.2924330000000000       0.000000000000000      0.2924340000000000    
  0.6529650000000000       0.000000000000000      0.3470340000000000    
  0.3470330000000000       0.000000000000000      0.6529660000000000    
  0.5819890000000000      0.5819900000000000       0.000000000000000    
  0.5819890000000000      0.4180100000000000       1.000000000000000    
  0.6467410000000000      0.5691880000000000      0.5691880000000000    
