   0.000000000000000       0.000000000000000    
   0.000000000000000      0.5000000000000000    
  0.5000000000000000       0.000000000000000    
   0.000000000000000       1.000000000000000    
  0.5000000000000000      0.5000000000000000    
   1.000000000000000       0.000000000000000    
   0.000000000000000       1.500000000000000    
  0.5000000000000000       1.000000000000000    
   1.000000000000000      0.5000000000000000    
   1.500000000000000       0.000000000000000    
   0.000000000000000       4.000000000000000    
   2.000000000000000       4.000000000000000    
   1.500000000000000       4.000000000000000    
   1.000000000000000       4.000000000000000    
  0.5000000000000000       4.000000000000000    
   0.000000000000000       3.500000000000000    
   0.000000000000000       3.000000000000000    
   0.000000000000000       2.500000000000000    
   0.000000000000000       2.000000000000000    
  0.5000000000000000       1.500000000000000    
   1.000000000000000       1.000000000000000    
   1.500000000000000      0.5000000000000000    
   2.000000000000000       0.000000000000000    
  0.5000000000000000       3.500000000000000    
   2.000000000000000       3.500000000000000    
   1.500000000000000       3.500000000000000    
   1.000000000000000       3.500000000000000    
  0.5000000000000000       3.000000000000000    
  0.5000000000000000       2.500000000000000    
  0.5000000000000000       2.000000000000000    
   1.000000000000000       1.500000000000000    
   1.500000000000000       1.000000000000000    
   2.000000000000000      0.5000000000000000    
   2.500000000000000       0.000000000000000    
   1.000000000000000       3.000000000000000    
   2.000000000000000       3.000000000000000    
   1.500000000000000       3.000000000000000    
   1.000000000000000       2.500000000000000    
   1.000000000000000       2.000000000000000    
   1.500000000000000       1.500000000000000    
   2.000000000000000       1.000000000000000    
   2.500000000000000      0.5000000000000000    
   3.000000000000000       0.000000000000000    
   1.500000000000000      0.6049887696350632-153
  0.6013470016999068-153  0.6013470015094312-153
  0.1207646807791626-152  0.6013470016999068-153
  0.6013469529381368-153  0.6039793170855370-153
  0.6013470016999068-153  0.6013470017004518-153
  0.1878897473599645-152  0.6013470016999068-153
  0.6013470018394398-153  0.5981513503368072-153
  0.6013470016999068-153  0.6013470017007208-153
  0.2441486924346043-153  0.2990638370907191E-66
  0.6013470018394398-153  0.6013606583296637-153
  0.6013470016999068-153  0.6013470017006869-153
  0.6036879756507245-153  0.6963122568342815E-76
  0.6013470018909252-153  0.6013612273559036-153
  0.6013470016999068-153  0.6013470016991628-153
  0.6048430989176569-153  0.1552828221827512E-32
  0.6013470015094312-153  0.6013583822247042-153
  0.6013470016999068-153  0.6013470016999100-153
  0.6049887696350632-153  0.2369427828716297E-37
  0.6013470017006191-153  0.6013345186867697-153
  0.1284469399720911E-56  0.6013470016999098-153
  0.5981513503368072-153  0.3683435426971196E-32
  0.6013470017004522-153  0.6013470507742524-153
